    22 
  4.478338250921262365E+00 
  5.000000000000000000E-01 
  5.000000000000000000E+00 
  1.000000000000000000E+00 
  5.000000000000000000E+00 
  1.000000000000000541E-02 
  2.327435307330669900E+01 
  1.048153392849865995E+01 
  2.500000000000000000E-01 
  2.000000000000000389E-02 
  9.000000000000001776E+00 
  5.000000000000000000E-01 
  9.000000000000001776E+00 
  1.412961503963830694E+02 
  5.980731676351143111E-01 
  4.394447754373721260E+00 
  6.070851130717230121E-02 
  1.187624648779480481E+02 
  5.121924972936042764E-01 
  7.387490951120592175E-01 
  1.024498895023733674E-02 
  2.999999999999999556E+00 
