   605 
  5.080329566383744222E+00 
  5.108778009170834800E+00 
  5.134828105236850071E+00 
  5.158190924119355536E+00 
  5.178577535355922912E+00 
  5.195699008484118586E+00 
  5.235518826118234159E+00 
  5.267120641024952477E+00 
  5.290123137938856246E+00 
  5.304364159318888383E+00 
  5.309900705348367111E+00 
  5.307008933934993067E+00 
  5.296184160710824429E+00 
  5.278140859032300902E+00 
  5.253812659980228617E+00 
  5.224352352359788121E+00 
  5.190973017200644968E+00 
  5.154714004046188514E+00 
  5.116611168290416956E+00 
  5.077700365327327603E+00 
  5.039017450550916877E+00 
  5.001598279355182974E+00 
  4.966478707134123205E+00 
  4.934694589281732213E+00 
  4.907818198581828995E+00 
  4.888944663585090389E+00 
  4.879470768272464731E+00 
  4.878753703757459093E+00 
  4.884111068286112634E+00 
  4.890582012031650549E+00 
  4.892494519494795746E+00 
  4.884915632011937348E+00 
  4.863659040321924643E+00 
  4.825285084566091953E+00 
  4.766564336898410303E+00 
  4.683491163108466360E+00 
  4.574504922958052333E+00 
  4.440831218478864528E+00 
  4.286481893972545087E+00 
  4.118493891216011171E+00 
  3.945361967061158825E+00 
  3.775588470926692253E+00 
  3.617675752231320097E+00 
  3.480346668670820431E+00 
  3.371560098132512451E+00 
  3.297439604096395360E+00 
  3.262266351680626286E+00 
  3.268479107641586889E+00 
  3.316674240373793658E+00 
  3.405605719909991169E+00 
  3.532185117921083251E+00 
  3.691481607716133428E+00 
  3.876721964242425322E+00 
  4.079070055808311501E+00 
  4.288611332168827950E+00 
  4.495424159124486785E+00 
  4.689586902475812558E+00 
  4.861999106992529462E+00 
  5.006925690246214700E+00 
  5.120203663345288980E+00 
  5.199050808425535131E+00 
  5.242065678650102534E+00 
  5.249227598209452061E+00 
  5.221896662321428906E+00 
  5.162813737231191524E+00 
  5.076100460211263155E+00 
  4.967259239561530038E+00 
  4.842352075639984932E+00 
  4.705456367030158127E+00 
  4.560458189806040785E+00 
  4.411243620041633839E+00 
  4.261698733810936446E+00 
  4.115709607187947761E+00 
  3.977162316246662499E+00 
  3.849942937061084258E+00 
  3.737955837170051865E+00 
  3.645710964298247259E+00 
  3.577355222895593378E+00 
  3.536132807584180249E+00 
  3.524385203158328039E+00 
  3.543551184584536884E+00 
  3.594166817001486436E+00 
  3.675865455720085606E+00 
  3.787377746223409503E+00 
  3.926531624166760714E+00 
  4.090234023912784345E+00 
  4.273883589810453465E+00 
  4.472339299655743616E+00 
  4.680460131244616129E+00 
  4.893105062373040326E+00 
  5.105133070836981979E+00 
  5.311403134432407747E+00 
  5.506774230955281624E+00 
  5.686105338201575599E+00 
  5.844262001593371281E+00 
  5.977752567271625850E+00 
  6.084818549437164492E+00 
  6.164372041285259840E+00 
  6.215995715005690592E+00 
  6.239942821782685556E+00 
  6.237137191794966284E+00 
  6.209173234215746184E+00 
  6.158315937212689661E+00 
  6.087500867947962746E+00 
  6.000327604952064853E+00 
  5.899423505031114345E+00 
  5.786353335925865871E+00 
  5.662681865377058088E+00 
  5.529973861125444756E+00 
  5.389794090911765423E+00 
  5.243707322476765853E+00 
  5.093278323561196252E+00 
  4.940071861905801498E+00 
  4.785652705251328243E+00 
  4.631585621338523140E+00 
  4.479435377908131954E+00 
  4.330766742700900451E+00 
  4.187144483457575284E+00 
  4.050133367918901328E+00 
  3.921298163825627459E+00 
  3.802203638918501660E+00 
  3.694414560938264369E+00 
  3.599495697625667567E+00 
  3.519276559836492790E+00 
  3.457965094713201459E+00 
  3.419533760316176174E+00 
  3.406950404204885707E+00 
  3.422178263437932522E+00 
  3.466175964572992374E+00 
  3.538897523666877820E+00 
  3.639292346275483592E+00 
  3.765305227453796810E+00 
  3.913876351755938288E+00 
  4.080676550120060142E+00 
  4.257993606696778954E+00 
  4.437346184217870970E+00 
  4.610252945415121317E+00 
  4.768263572145817086E+00 
  4.905141687424135810E+00 
  5.016834312090349357E+00 
  5.100443779075694017E+00 
  5.154227733402370504E+00 
  5.177599132183499542E+00 
  5.171126244623189372E+00 
  5.136532652016461142E+00 
  5.076697247749311082E+00 
  4.995654237298692735E+00 
  4.898562119106975921E+00 
  4.789520762550630195E+00 
  4.671601951270941022E+00 
  4.547877468909204524E+00 
  4.421419099106717709E+00 
  4.295298625504772261E+00 
  4.172587831744659859E+00 
  4.056358501467679289E+00 
  3.949682418315124899E+00 
  3.855715759943092458E+00 
  3.790219668737422332E+00 
  3.768970310947011626E+00 
  3.794767194257443688E+00 
  3.857433167790905060E+00 
  3.935463646456025089E+00 
  4.014276268499744837E+00 
  4.083384839614827122E+00 
  4.133541476315871321E+00 
  4.156736605939320484E+00 
  4.146114572628680328E+00 
  4.083453066619530780E+00 
  3.951753065106265783E+00 
  3.748230514668412727E+00 
  3.484316331270751910E+00 
  3.184007175913479593E+00 
  2.865615797080300009E+00 
  2.544597086630961513E+00 
  2.236405936425207130E+00 
  1.956427457697240468E+00 
  1.717953317073337871E+00 
  1.531429586722758751E+00 
  1.404792988693846612E+00 
  1.343470894914153835E+00 
  1.350381327190339764E+00 
  1.425932957208165153E+00 
  1.568025106532610291E+00 
  1.772047746607721352E+00 
  2.030881498756755832E+00 
  2.334967414807620489E+00 
  2.674330641075245207E+00 
  3.039332568210804109E+00 
  3.420334586865442450E+00 
  3.807698087690321920E+00 
  4.191784461336594880E+00 
  4.562955098455423020E+00 
  4.911571389697951595E+00 
  5.227994725715355173E+00 
  5.503006345586039849E+00 
  5.731516501067332570E+00 
  5.910891421533872148E+00 
  6.040250971104920374E+00 
  6.120468648644470377E+00 
  6.154171587761133821E+00 
  6.145740556808227950E+00 
  6.101309958883765816E+00 
  6.028767831830395885E+00 
  5.937755848235471312E+00 
  5.839249467003726934E+00 
  5.741848769105688532E+00 
  5.658773800087066874E+00 
  5.609422590969519895E+00 
  5.608578635123785183E+00 
  5.666254256986160698E+00 
  5.787690612058427497E+00 
  5.973357686907833752E+00 
  6.218954299167210209E+00 
  6.515408097534830745E+00 
  6.848875561774535825E+00 
  7.200742002715633916E+00 
  7.539231960476416639E+00 
  7.816687053876060887E+00 
  7.996555904094892142E+00 
  8.054693394332687717E+00 
  7.979360669808829520E+00 
  7.771225137762337809E+00 
  7.443360467451634932E+00 
  7.021246590154825995E+00 
  6.542769699169468822E+00 
  6.052512025861091161E+00 
  5.589610153844213336E+00 
  5.197140793771778178E+00 
  4.906483637198491010E+00 
