   505 
  0.000000000000000000E+00 
  1.000000000000227374E-01 
  1.999999999999886313E-01 
  3.000000000000113687E-01 
  4.000000000000341061E-01 
  5.000000000000000000E-01 
  6.000000000000227374E-01 
  6.999999999999886313E-01 
  8.000000000000113687E-01 
  9.000000000000341061E-01 
  1.000000000000000000E+00 
  1.100000000000022737E+00 
  1.199999999999988631E+00 
  1.300000000000011369E+00 
  1.400000000000034106E+00 
  1.500000000000000000E+00 
  1.600000000000022737E+00 
  1.699999999999988631E+00 
  1.800000000000011369E+00 
  1.900000000000034106E+00 
  2.000000000000000000E+00 
  2.100000000000022737E+00 
  2.199999999999988631E+00 
  2.300000000000011369E+00 
  2.400000000000034106E+00 
  2.500000000000000000E+00 
  2.600000000000022737E+00 
  2.699999999999988631E+00 
  2.800000000000011369E+00 
  2.900000000000034106E+00 
  3.000000000000000000E+00 
  3.100000000000022737E+00 
  3.199999999999988631E+00 
  3.300000000000011369E+00 
  3.400000000000034106E+00 
  3.500000000000000000E+00 
  3.600000000000022737E+00 
  3.699999999999988631E+00 
  3.800000000000011369E+00 
  3.900000000000034106E+00 
  4.000000000000000000E+00 
  4.100000000000022737E+00 
  4.199999999999988631E+00 
  4.300000000000011369E+00 
  4.400000000000034106E+00 
  4.500000000000000000E+00 
  4.600000000000022737E+00 
  4.699999999999988631E+00 
  4.800000000000011369E+00 
  4.900000000000034106E+00 
  5.000000000000000000E+00 
  5.100000000000022737E+00 
  5.199999999999988631E+00 
  5.300000000000011369E+00 
  5.400000000000034106E+00 
  5.500000000000000000E+00 
  5.600000000000022737E+00 
  5.699999999999988631E+00 
  5.800000000000011369E+00 
  5.900000000000034106E+00 
  6.000000000000000000E+00 
  6.100000000000022737E+00 
  6.199999999999988631E+00 
  6.300000000000011369E+00 
  6.400000000000034106E+00 
  6.500000000000000000E+00 
  6.600000000000022737E+00 
  6.699999999999988631E+00 
  6.800000000000011369E+00 
  6.900000000000034106E+00 
  7.000000000000000000E+00 
  7.100000000000022737E+00 
  7.199999999999988631E+00 
  7.300000000000011369E+00 
  7.400000000000034106E+00 
  7.500000000000000000E+00 
  7.600000000000022737E+00 
  7.699999999999988631E+00 
  7.800000000000011369E+00 
  7.900000000000034106E+00 
  8.000000000000000000E+00 
  8.100000000000022737E+00 
  8.199999999999988631E+00 
  8.300000000000011369E+00 
  8.400000000000034106E+00 
  8.500000000000000000E+00 
  8.600000000000022737E+00 
  8.699999999999988631E+00 
  8.800000000000011369E+00 
  8.900000000000034106E+00 
  9.000000000000000000E+00 
  9.100000000000022737E+00 
  9.199999999999988631E+00 
  9.300000000000011369E+00 
  9.400000000000034106E+00 
  9.500000000000000000E+00 
  9.600000000000022737E+00 
  9.699999999999988631E+00 
  9.800000000000011369E+00 
  9.900000000000034106E+00 
  1.000000000000000000E+01 
  1.010000000000002274E+01 
  1.019999999999998863E+01 
  1.030000000000001137E+01 
  1.040000000000003411E+01 
  1.050000000000000000E+01 
  1.060000000000002274E+01 
  1.069999999999998863E+01 
  1.080000000000001137E+01 
  1.090000000000003411E+01 
  1.100000000000000000E+01 
  1.110000000000002274E+01 
  1.119999999999998863E+01 
  1.130000000000001137E+01 
  1.140000000000003411E+01 
  1.150000000000000000E+01 
  1.160000000000002274E+01 
  1.169999999999998863E+01 
  1.180000000000001137E+01 
  1.190000000000003411E+01 
  1.200000000000000000E+01 
  1.210000000000002274E+01 
  1.219999999999998863E+01 
  1.230000000000001137E+01 
  1.240000000000003411E+01 
  1.250000000000000000E+01 
  1.260000000000002274E+01 
  1.269999999999998863E+01 
  1.280000000000001137E+01 
  1.290000000000003411E+01 
  1.300000000000000000E+01 
  1.310000000000002274E+01 
  1.319999999999998863E+01 
  1.330000000000001137E+01 
  1.340000000000003411E+01 
  1.350000000000000000E+01 
  1.360000000000002274E+01 
  1.369999999999998863E+01 
  1.380000000000001137E+01 
  1.390000000000003411E+01 
  1.400000000000000000E+01 
  1.410000000000002274E+01 
  1.419999999999998863E+01 
  1.430000000000001137E+01 
  1.440000000000003411E+01 
  1.450000000000000000E+01 
  1.460000000000002274E+01 
  1.469999999999998863E+01 
  1.480000000000001137E+01 
  1.490000000000003411E+01 
  1.500000000000000000E+01 
  1.510000000000002274E+01 
  1.519999999999998863E+01 
  1.530000000000001137E+01 
  1.540000000000003411E+01 
  1.550000000000000000E+01 
  1.560000000000002274E+01 
  1.569999999999998863E+01 
  1.580000000000001137E+01 
  1.590000000000003411E+01 
  1.600000000000000000E+01 
  1.610000000000002274E+01 
  1.619999999999998863E+01 
  1.630000000000001137E+01 
  1.640000000000003411E+01 
  1.650000000000000000E+01 
  1.660000000000002274E+01 
  1.669999999999998863E+01 
  1.680000000000001137E+01 
  1.690000000000003411E+01 
  1.700000000000000000E+01 
  1.710000000000002274E+01 
  1.719999999999998863E+01 
  1.730000000000001137E+01 
  1.740000000000003411E+01 
  1.750000000000000000E+01 
  1.760000000000002274E+01 
  1.769999999999998863E+01 
  1.780000000000001137E+01 
  1.790000000000003411E+01 
  1.800000000000000000E+01 
  1.810000000000002274E+01 
  1.819999999999998863E+01 
  1.830000000000001137E+01 
  1.840000000000003411E+01 
  1.850000000000000000E+01 
  1.860000000000002274E+01 
  1.869999999999998863E+01 
  1.880000000000001137E+01 
  1.890000000000003411E+01 
  1.900000000000000000E+01 
  1.910000000000002274E+01 
  1.919999999999998863E+01 
  1.930000000000001137E+01 
  1.940000000000003411E+01 
  1.950000000000000000E+01 
  1.960000000000002274E+01 
  1.969999999999998863E+01 
  1.980000000000001137E+01 
  1.990000000000003411E+01 
  2.000000000000000000E+01 
  2.010000000000002274E+01 
  2.019999999999998863E+01 
  2.030000000000001137E+01 
  2.040000000000003411E+01 
  2.050000000000000000E+01 
  2.060000000000002274E+01 
  2.069999999999998863E+01 
  2.080000000000001137E+01 
  2.090000000000003411E+01 
  2.100000000000000000E+01 
  2.110000000000002274E+01 
  2.119999999999998863E+01 
  2.130000000000001137E+01 
  2.140000000000003411E+01 
  2.150000000000000000E+01 
  2.160000000000002274E+01 
  2.169999999999998863E+01 
  2.180000000000001137E+01 
  2.190000000000003411E+01 
  2.200000000000000000E+01 
  2.210000000000002274E+01 
  2.219999999999998863E+01 
  2.230000000000001137E+01 
  2.240000000000003411E+01 
  2.250000000000000000E+01 
  2.260000000000002274E+01 
  2.269999999999998863E+01 
  2.280000000000001137E+01 
  2.290000000000003411E+01 
  2.300000000000000000E+01 
  2.310000000000002274E+01 
  2.319999999999998863E+01 
  2.330000000000001137E+01 
  2.340000000000003411E+01 
  2.350000000000000000E+01 
  2.360000000000002274E+01 
  2.369999999999998863E+01 
  2.380000000000001137E+01 
  2.390000000000003411E+01 
  2.400000000000000000E+01 
  2.410000000000002274E+01 
  2.419999999999998863E+01 
  2.430000000000001137E+01 
  2.440000000000003411E+01 
  2.450000000000000000E+01 
  2.460000000000002274E+01 
  2.469999999999998863E+01 
  2.480000000000001137E+01 
  2.490000000000003411E+01 
  2.500000000000000000E+01 
  2.510000000000002274E+01 
  2.519999999999998863E+01 
  2.530000000000001137E+01 
  2.540000000000003411E+01 
  2.550000000000000000E+01 
  2.560000000000002274E+01 
  2.569999999999998863E+01 
  2.580000000000001137E+01 
  2.590000000000003411E+01 
  2.600000000000000000E+01 
  2.610000000000002274E+01 
  2.619999999999998863E+01 
  2.630000000000001137E+01 
  2.640000000000003411E+01 
  2.650000000000000000E+01 
  2.660000000000002274E+01 
  2.669999999999998863E+01 
  2.680000000000001137E+01 
  2.690000000000003411E+01 
  2.700000000000000000E+01 
  2.710000000000002274E+01 
  2.719999999999998863E+01 
  2.730000000000001137E+01 
  2.740000000000003411E+01 
  2.750000000000000000E+01 
  2.760000000000002274E+01 
  2.769999999999998863E+01 
  2.780000000000001137E+01 
  2.790000000000003411E+01 
  2.800000000000000000E+01 
  2.810000000000002274E+01 
  2.819999999999998863E+01 
  2.830000000000001137E+01 
  2.840000000000003411E+01 
  2.850000000000000000E+01 
  2.860000000000002274E+01 
  2.869999999999998863E+01 
  2.880000000000001137E+01 
  2.890000000000003411E+01 
  2.900000000000000000E+01 
  2.910000000000002274E+01 
  2.919999999999998863E+01 
  2.930000000000001137E+01 
  2.940000000000003411E+01 
  2.950000000000000000E+01 
  2.960000000000002274E+01 
  2.969999999999998863E+01 
  2.980000000000001137E+01 
  2.990000000000003411E+01 
  3.000000000000000000E+01 
  3.010000000000002274E+01 
  3.019999999999998863E+01 
  3.030000000000001137E+01 
  3.040000000000003411E+01 
  3.050000000000000000E+01 
  3.060000000000002274E+01 
  3.069999999999998863E+01 
  3.080000000000001137E+01 
  3.090000000000003411E+01 
  3.100000000000000000E+01 
  3.110000000000002274E+01 
  3.119999999999998863E+01 
  3.130000000000001137E+01 
  3.140000000000003411E+01 
  3.150000000000000000E+01 
  3.160000000000002274E+01 
  3.169999999999998863E+01 
  3.180000000000001137E+01 
  3.190000000000003411E+01 
  3.200000000000000000E+01 
  3.210000000000002274E+01 
  3.219999999999998863E+01 
  3.230000000000001137E+01 
  3.240000000000003411E+01 
  3.250000000000000000E+01 
  3.260000000000002274E+01 
  3.269999999999998863E+01 
  3.280000000000001137E+01 
  3.290000000000003411E+01 
  3.300000000000000000E+01 
  3.310000000000002274E+01 
  3.319999999999998863E+01 
  3.330000000000001137E+01 
  3.340000000000003411E+01 
  3.350000000000000000E+01 
  3.360000000000002274E+01 
  3.369999999999998863E+01 
  3.380000000000001137E+01 
  3.390000000000003411E+01 
  3.400000000000000000E+01 
  3.410000000000002274E+01 
  3.419999999999998863E+01 
  3.430000000000001137E+01 
  3.440000000000003411E+01 
  3.450000000000000000E+01 
  3.460000000000002274E+01 
  3.469999999999998863E+01 
  3.480000000000001137E+01 
  3.490000000000003411E+01 
  3.500000000000000000E+01 
  3.510000000000002274E+01 
  3.519999999999998863E+01 
  3.530000000000001137E+01 
  3.540000000000003411E+01 
  3.550000000000000000E+01 
  3.560000000000002274E+01 
  3.569999999999998863E+01 
  3.580000000000001137E+01 
  3.590000000000003411E+01 
  3.600000000000000000E+01 
  3.610000000000002274E+01 
  3.619999999999998863E+01 
  3.630000000000001137E+01 
  3.640000000000003411E+01 
  3.650000000000000000E+01 
  3.660000000000002274E+01 
  3.669999999999998863E+01 
  3.680000000000001137E+01 
  3.690000000000003411E+01 
  3.700000000000000000E+01 
  3.710000000000002274E+01 
  3.719999999999998863E+01 
  3.730000000000001137E+01 
  3.740000000000003411E+01 
  3.750000000000000000E+01 
  3.760000000000002274E+01 
  3.769999999999998863E+01 
  3.780000000000001137E+01 
  3.790000000000003411E+01 
  3.800000000000000000E+01 
  3.810000000000002274E+01 
  3.819999999999998863E+01 
  3.830000000000001137E+01 
  3.840000000000003411E+01 
  3.850000000000000000E+01 
  3.860000000000002274E+01 
  3.869999999999998863E+01 
  3.880000000000001137E+01 
  3.890000000000003411E+01 
  3.900000000000000000E+01 
  3.910000000000002274E+01 
  3.919999999999998863E+01 
  3.930000000000001137E+01 
  3.940000000000003411E+01 
  3.950000000000000000E+01 
  3.960000000000002274E+01 
  3.969999999999998863E+01 
  3.980000000000001137E+01 
  3.990000000000003411E+01 
  4.000000000000000000E+01 
  4.010000000000002274E+01 
  4.019999999999998863E+01 
  4.030000000000001137E+01 
  4.040000000000003411E+01 
  4.050000000000000000E+01 
  4.060000000000002274E+01 
  4.069999999999998863E+01 
  4.080000000000001137E+01 
  4.090000000000003411E+01 
  4.100000000000000000E+01 
  4.110000000000002274E+01 
  4.119999999999998863E+01 
  4.130000000000001137E+01 
  4.140000000000003411E+01 
  4.150000000000000000E+01 
  4.160000000000002274E+01 
  4.169999999999998863E+01 
  4.180000000000001137E+01 
  4.190000000000003411E+01 
  4.200000000000000000E+01 
  4.210000000000002274E+01 
  4.219999999999998863E+01 
  4.230000000000001137E+01 
  4.240000000000003411E+01 
  4.250000000000000000E+01 
  4.260000000000002274E+01 
  4.269999999999998863E+01 
  4.280000000000001137E+01 
  4.290000000000003411E+01 
  4.300000000000000000E+01 
  4.310000000000002274E+01 
  4.319999999999998863E+01 
  4.330000000000001137E+01 
  4.340000000000003411E+01 
  4.350000000000000000E+01 
  4.360000000000002274E+01 
  4.369999999999998863E+01 
  4.380000000000001137E+01 
  4.390000000000003411E+01 
  4.400000000000000000E+01 
  4.410000000000002274E+01 
  4.419999999999998863E+01 
  4.430000000000001137E+01 
  4.440000000000003411E+01 
  4.450000000000000000E+01 
  4.460000000000002274E+01 
  4.469999999999998863E+01 
  4.480000000000001137E+01 
  4.490000000000003411E+01 
  4.500000000000000000E+01 
  4.510000000000002274E+01 
  4.519999999999998863E+01 
  4.530000000000001137E+01 
  4.540000000000003411E+01 
  4.550000000000000000E+01 
  4.560000000000002274E+01 
  4.569999999999998863E+01 
  4.580000000000001137E+01 
  4.590000000000003411E+01 
  4.600000000000000000E+01 
  4.610000000000002274E+01 
  4.619999999999998863E+01 
  4.630000000000001137E+01 
  4.640000000000003411E+01 
  4.650000000000000000E+01 
  4.660000000000002274E+01 
  4.669999999999998863E+01 
  4.680000000000001137E+01 
  4.690000000000003411E+01 
  4.700000000000000000E+01 
  4.710000000000002274E+01 
  4.719999999999998863E+01 
  4.730000000000001137E+01 
  4.740000000000003411E+01 
  4.750000000000000000E+01 
  4.760000000000002274E+01 
  4.769999999999998863E+01 
  4.780000000000001137E+01 
  4.790000000000003411E+01 
  4.800000000000000000E+01 
  4.810000000000002274E+01 
  4.819999999999998863E+01 
  4.830000000000001137E+01 
  4.840000000000003411E+01 
  4.850000000000000000E+01 
  4.860000000000002274E+01 
  4.869999999999998863E+01 
  4.880000000000001137E+01 
  4.890000000000003411E+01 
  4.900000000000000000E+01 
  4.910000000000002274E+01 
  4.919999999999998863E+01 
  4.930000000000001137E+01 
  4.940000000000003411E+01 
  4.950000000000000000E+01 
  4.960000000000002274E+01 
  4.969999999999998863E+01 
  4.980000000000001137E+01 
  4.990000000000003411E+01 
  5.000000000000000000E+01 
  5.010000000000002274E+01 
  5.019999999999998863E+01 
  5.030000000000001137E+01 
  5.040000000000003411E+01 
