    22 
  5.778109755732838693E+00 
  5.175112416405115434E-01 
  4.861022049194661854E+00 
  1.024055685414217098E+00 
  5.311150885100285102E+00 
  1.276233279444864621E+01 
  3.120000000000002416E+01 
  1.089611130590378885E+01 
  1.231045875125984235E-01 
  3.777228179136536690E-02 
  8.826284057624262047E+00 
  9.244041036504259123E-01 
  8.583189878515112170E+00 
  1.162378218399607022E+02 
  5.773148426984433534E-01 
  4.375021172686217596E+00 
  5.823793411574387097E-02 
  9.748002011825855107E+01 
  4.820412705637810991E-01 
  9.521602643167830227E-01 
  9.280015804707970606E-01 
  2.939411981420732900E+00 
