   710 
  5.401763102120121118E+00 
  5.438114905808576260E+00 
  5.480155773778002448E+00 
  5.526344894073852210E+00 
  5.575163688816894059E+00 
  5.625104697165580703E+00 
  5.707026524029025438E+00 
  5.798071365415131240E+00 
  5.890875333437600503E+00 
  5.979475286956217772E+00 
  6.058754937087202919E+00 
  6.125247625195433088E+00 
  6.176308984727867823E+00 
  6.210111409004348104E+00 
  6.225644051217632757E+00 
  6.222712824433359380E+00 
  6.201940401590074536E+00 
  6.164766215499229318E+00 
  6.113446458845158915E+00 
  6.051054084185111037E+00 
  5.980631951692775061E+00 
  5.904390051166094722E+00 
  5.824532840193841210E+00 
  5.743264776364775059E+00 
  5.662790317267665685E+00 
  5.585313920491280726E+00 
  5.513040043624384268E+00 
  5.448173144255742173E+00 
  5.392748379113386115E+00 
  5.348240016891624649E+00 
  5.315722312311121911E+00 
  5.295877473780602251E+00 
  5.288995663396842239E+00 
  5.294974996944697310E+00 
  5.313321543897066235E+00 
  5.343149327414931982E+00 
  5.383180324347326184E+00 
  5.431744465231339802E+00 
  5.486948935152875961E+00 
  5.547069760919603354E+00 
  5.610390937000917511E+00 
  5.675196457866208632E+00 
  5.739770317984867809E+00 
  5.802396511826283465E+00 
  5.861359033859850243E+00 
  5.914941878554957455E+00 
  5.960510111512216547E+00 
  5.989829029095620427E+00 
  5.995169766472695727E+00 
  5.970560060614545250E+00 
  5.911784250295784915E+00 
  5.816383276094592603E+00 
  5.683654680392718817E+00 
  5.514652607375417404E+00 
  5.312187803031529043E+00 
  5.080827615153408416E+00 
  4.827814922205750925E+00 
  4.567748973693434245E+00 
  4.316479782121322550E+00 
  4.088788436883210586E+00 
  3.894690296125872919E+00 
  3.741781329418115920E+00 
  3.635530385902659756E+00 
  3.579279194296224098E+00 
  3.574242362889415769E+00 
  3.619507379546848647E+00 
  3.712034611707047738E+00 
  3.846657306382461172E+00 
  4.016081590159530812E+00 
  4.211955392309664425E+00 
  4.428565252925286799E+00 
  4.660489980250715369E+00 
  4.902308382530259578E+00 
  5.148599268008242191E+00 
  5.393941444928978868E+00 
  5.632913721536784379E+00 
  5.860094906075977050E+00 
  6.070063806790884087E+00 
  6.257399231925809602E+00 
  6.415429232673099946E+00 
  6.535070160704053777E+00 
  6.609237394066916238E+00 
  6.633085387856195503E+00 
  6.604007674212572176E+00 
  6.521636862323025419E+00 
  6.387844638420699717E+00 
  6.206741765785011467E+00 
  5.984678084741629434E+00 
  5.730242512662407250E+00 
  5.455513801017457531E+00 
  5.177221477844112130E+00 
  4.912335121849027431E+00 
  4.675284365021786570E+00 
  4.474916590455291221E+00 
  4.317511683331350270E+00 
  4.206831650615353801E+00 
  4.144120621056192277E+00 
  4.128104845186257421E+00 
  4.154992695321519491E+00 
  4.218474665561428694E+00 
  4.309723371789006663E+00 
  4.417393551670773633E+00 
  4.530162011373827013E+00 
  4.639769927745517997E+00 
  4.735816843637097762E+00 
  4.807599358542612222E+00 
  4.849181099145154050E+00 
  4.859427775303518438E+00 
  4.842007180052165793E+00 
  4.805389189601268818E+00 
  4.760544224296436866E+00 
  4.717161605571606131E+00 
  4.684144227251461068E+00 
  4.669608697238932571E+00 
  4.683076591205838746E+00 
  4.733586142259449403E+00 
  4.824622270396223378E+00 
  4.954081526515134115E+00 
  5.114272092417743387E+00 
  5.291913780808120471E+00 
  5.470439574333137323E+00 
  5.636002366533967134E+00 
  5.779174525119214145E+00 
  5.892510240678336508E+00 
  5.970521319029245433E+00 
  6.009677181218232356E+00 
  6.008404863520033778E+00 
  5.967089017437830378E+00 
  5.888071909703176843E+00 
  5.775653422276093352E+00 
  5.636091052344985641E+00 
  5.475374814422307779E+00 
  5.297033005768996716E+00 
  5.104569715993521051E+00 
  4.901489034704363590E+00 
  4.691295051509996483E+00 
  4.477491856018898986E+00 
  4.263583537839548576E+00 
  4.053074186580421845E+00 
  3.849467891849992274E+00 
  3.656268743256743115E+00 
  3.476980830409151402E+00 
  3.315108242915686620E+00 
  3.174154578911062341E+00 
  3.057180250953229095E+00 
  2.966434723370842796E+00 
  2.903543808157846851E+00 
  2.869509664973464158E+00 
  2.864710801142249075E+00 
  2.888902071654020798E+00 
  2.941214679163930867E+00 
  3.020156173992410320E+00 
  3.123610454125175018E+00 
  3.248838256687039738E+00 
  3.392919852044834705E+00 
  3.553122806460027761E+00 
  3.726714686194076531E+00 
  3.910963057508433760E+00 
  4.103135486664561071E+00 
  4.300499539923917425E+00 
  4.500322783547959560E+00 
  4.699872783798147324E+00 
  4.896417106935939678E+00 
  5.087223319222792028E+00 
  5.269558986920168664E+00 
  5.440691676289521439E+00 
  5.597888953592308425E+00 
  5.738418385089998353E+00 
  5.859580995191508102E+00 
  5.960411613506985340E+00 
  6.041164462991529760E+00 
  6.102430578879622480E+00 
  6.145137808685118053E+00 
  6.170550812201220481E+00 
  6.180271061500520524E+00 
  6.176236840934956618E+00 
  6.160723247135846847E+00 
  6.136342189013877402E+00 
  6.106008929611624225E+00 
  6.071241739049831665E+00 
  6.032676306383626397E+00 
  5.990948320668141314E+00 
  5.946693470958509309E+00 
  5.900547446309860611E+00 
  5.853145935777328113E+00 
  5.805124628416042043E+00 
  5.757119213281134407E+00 
  5.709765379427736320E+00 
  5.663698815910980677E+00 
  5.619555211785997706E+00 
  5.577970256107918523E+00 
  5.539579637931876022E+00 
  5.505019046313000430E+00 
  5.474924170306424642E+00 
  5.450479957665047337E+00 
  5.433439747778451512E+00 
  5.425128090398847469E+00 
  5.426431471820160723E+00 
  5.437798314878048878E+00 
  5.459238978949878529E+00 
  5.490325759954749252E+00 
  5.530192890353476720E+00 
  5.577536539148590933E+00 
  5.630614811884353976E+00 
  5.686698491948972034E+00 
  5.742051907635695507E+00 
  5.792813779506213123E+00 
  5.834666405730186689E+00 
  5.863793124417009395E+00 
  5.877021489867802373E+00 
  5.871823272575380948E+00 
  5.846314459224281279E+00 
  5.799255252690768359E+00 
  5.730050072042795151E+00 
  5.638747552540052332E+00 
  5.526040545633922108E+00 
  5.393382452878162425E+00 
  5.243327314410286988E+00 
  5.078572346619760758E+00 
  4.901814765896069126E+00 
  4.715751788628681496E+00 
  4.523080631207076152E+00 
  4.326498510020732269E+00 
  4.128702641459123690E+00 
  3.932390241911726925E+00 
  3.740258527768018926E+00 
  3.555004715417479755E+00 
  3.379326021249578815E+00 
  3.215919661653799722E+00 
  3.067482853019610101E+00 
  2.936712811736495787E+00 
  2.825907944028330565E+00 
  2.735583773516651718E+00 
  2.665751603984038987E+00 
  2.616086810230350945E+00 
  2.585928838072773406E+00 
  2.574281204345780338E+00 
  2.579811496901140977E+00 
  2.600851374607946020E+00 
  2.635396567352571218E+00 
  2.681106876038712450E+00 
  2.735704982752960035E+00 
  2.798360523201530725E+00 
  2.868411423946930938E+00 
  2.945195611551663095E+00 
  3.028051012578232726E+00 
  3.116315553589145360E+00 
  3.209327161146902085E+00 
  3.306423761814008433E+00 
  3.406943282152968155E+00 
  3.510223648726285894E+00 
  3.615602788096465847E+00 
  3.722418626826010435E+00 
  3.830009091477426075E+00 
  3.937712108613216522E+00 
  4.044865604795883307E+00 
  4.150807506587932849E+00 
  4.254875740551870678E+00 
  4.356408233250197881E+00 
  4.454742911245419990E+00 
  4.549217701100041644E+00 
  4.639170529376563934E+00 
  4.723939322637495941E+00 
  4.802862007445336978E+00 
  4.875276510362594351E+00 
  4.940520757951771813E+00 
  4.997932676775369565E+00 
  5.046833631813376186E+00 
  5.081640382139184453E+00 
  5.093682679653685597E+00 
  5.075437107524275682E+00 
  5.020527080184894686E+00 
  4.923722843336036270E+00 
  4.780941473944681164E+00 
  4.589246880244386873E+00 
  4.346849801735194418E+00 
  4.053107809183694954E+00 
  3.708541866205565363E+00 
  3.319724373589541866E+00 
  2.897461570563456323E+00 
  2.452559696355101515E+00 
  1.995824990192295534E+00 
  1.538063691302851144E+00 
  1.090082038914581553E+00 
  6.626862722552878671E-01 
  2.666826305527946195E-01 
 -8.712264696508142947E-02 
 -3.902776023038878606E-01 
 -6.407314435747231141E-01 
 -8.379479118208710275E-01 
 -9.826568831205936272E-01 
 -1.076854368587223387E+00 
 -1.123802514369157901E+00 
 -1.128029601649780389E+00 
 -1.095330046647559952E+00 
 -1.032764400615963751E+00 
 -9.041109851697228805E-01 
 -5.071345229036960944E-02 
  1.393505593926195107E+00 
  3.318882429508510423E+00 
  5.635445078141612996E+00 
  8.269377430357630843E+00 
  1.116012430917877829E+01 
  1.425802129833139453E+01 
  1.752235420971383206E+01 
  2.091977030973594864E+01 
  2.437842917678910482E+01 
  2.721013955565156195E+01 
  2.952854792663625716E+01 
  3.142670015815498985E+01 
  3.298077576412289602E+01 
  3.425314525533706700E+01 
  3.529487328707236315E+01 
  3.614776806299740741E+01 
  3.684605924518684361E+01 
  3.741777171064848773E+01 
  3.788585028803994703E+01 
  3.826908061420734697E+01 
  3.858284306775270522E+01 
  3.883973003763149734E+01 
  3.905005129993627833E+01 
  3.922224778541136914E+01 
  3.936323034364178142E+01 
  3.947865709971263470E+01 
  3.957316053463586059E+01 
  3.965053340307902374E+01 
  3.971388094992728668E+01 
  3.976574553466401341E+01 
  3.980820866518358514E+01 
  3.984297453601192984E+01 
  3.987143842361662394E+01 
  3.989474268375074928E+01 
  3.991382259820028366E+01 
  3.992944391092621714E+01 
  3.994223356005837644E+01 
  3.995270483912396742E+01 
  3.996127799731901575E+01 
  3.996829710558431259E+01 
  3.997404386538029541E+01 
  3.997874891435581901E+01 
  3.998260108264680923E+01 
  3.998575497129267831E+01 
  3.998833715691883839E+01 
  3.999045127170113290E+01 
  3.999218216248893043E+01 
  3.999359929600711894E+01 
  3.999475954679967771E+01 
  3.999570947980483027E+01 
  3.999648721916950933E+01 
  3.999712397830526101E+01 
  3.999764531259199885E+01 
  3.999807214500518882E+01 
  3.999842160582826978E+01 
  3.999870772015113118E+01 
  3.999894197074613800E+01 
  3.999913375891220824E+01 
  3.999929078178185193E+01 
  3.999941934123415166E+01 
  3.999952459681135508E+01 
  3.999961077278934596E+01 
  3.999968132771270035E+01 
  3.999973909319824372E+01 
  3.999978638757771421E+01 
  3.999982510894063381E+01 
  3.999985681131126114E+01 
  3.999988276701704137E+01 
  3.999990401775157522E+01 
  3.999992141638146137E+01 
  3.999993566117481691E+01 
  3.999994732382521079E+01 
  3.999995687239574238E+01 
  3.999996469010408617E+01 
  3.999997109070233137E+01 
  3.999997633106894313E+01 
  3.999998062151824740E+01 
  3.999998413424104626E+01 
  3.999998701021522862E+01 
  3.999998936486372969E+01 
  3.999999129268687170E+01 
  3.999999287105497103E+01 
  3.999999416331346680E+01 
  3.999999522132523566E+01 
  3.999999608755201308E+01 
  3.999999679675850928E+01 
  3.999999737740768779E+01 
  3.999999785280301978E+01 
  3.999999824202379983E+01 
  3.999999856069082682E+01 
  3.999999882159331577E+01 
  3.999999903520220812E+01 
  3.999999921009037962E+01 
  3.999999935327669931E+01 
  3.999999947050774551E+01 
  3.999999956648840538E+01 
  3.999999964507073003E+01 
  3.999999970940848470E+01 
  3.999999976208378882E+01 
  3.999999980521069176E+01 
  3.999999984051999746E+01 
  3.999999986942881236E+01 
  3.999999989309735327E+01 
  3.999999991247552344E+01 
  3.999999992834101192E+01 
  3.999999994133058578E+01 
  3.999999995196554892E+01 
  3.999999996067271724E+01 
  3.999999996780154277E+01 
  3.999999997363813975E+01 
  3.999999997841673149E+01 
  3.999999998232911480E+01 
  3.999999998553230540E+01 
  3.999999998815484759E+01 
  3.999999999030201536E+01 
  3.999999999205995493E+01 
  3.999999999349923741E+01 
  3.999999999467762279E+01 
  3.999999999564240483E+01 
  3.677336610824395535E+01 
  3.355677850304084586E+01 
  3.034819048224663263E+01 
  2.714543899230955049E+01 
  2.394624462391348629E+01 
  2.074820939129869402E+01 
  1.754638227786950466E+01 
  1.433420574001915426E+01 
  1.110599193488395287E+01 
  7.856922720343616717E+00 
  7.809683543209975376E+00 
  7.724515492323559052E+00 
  7.601256225608378436E+00 
  7.440729457493356236E+00 
  7.244744958912392008E+00 
  7.016100777984449977E+00 
  6.761017694406471712E+00 
  6.488192715629139684E+00 
  6.206322849103109718E+00 
  5.924105102279058954E+00 
  5.650236482607647659E+00 
  5.393413997539552085E+00 
  5.162334654525428057E+00 
  4.962943744965143011E+00 
  4.796495011837739852E+00 
  4.663299323698351984E+00 
  4.562764889112864708E+00 
  4.493397256657836181E+00 
  4.452799314920570239E+00 
  4.437671292499059561E+00 
  4.443810758001999872E+00 
  4.466112620048819259E+00 
  4.498569127269638201E+00 
  4.537021584356113912E+00 
  4.581100184431424083E+00 
  4.630475335053335861E+00 
  4.684817443779624391E+00 
  4.743796918168059484E+00 
  4.807084165776415396E+00 
  4.874349594162464605E+00 
  4.945263610883975147E+00 
  5.019496623498723054E+00 
  5.096719039564479026E+00 
  5.176601266639015542E+00 
  5.258813712280103303E+00 
  5.343026784045513899E+00 
  5.428910889493021585E+00 
  5.516136436180397951E+00 
  5.604373831665412808E+00 
  5.693293483505840413E+00 
  5.782565799259450579E+00 
  5.871861186484017558E+00 
  5.960850052737312055E+00 
  6.049202805577106545E+00 
  6.136589852561172620E+00 
  6.222681601247283645E+00 
  6.307148459193209433E+00 
  6.389660833956724240E+00 
  6.469889133095598766E+00 
  6.547503764167603713E+00 
  6.622175134730514223E+00 
  6.693573652342098335E+00 
  6.761369724560132966E+00 
  6.825233758942386153E+00 
  6.884836163046630375E+00 
  6.939847344430638998E+00 
  6.989937710652182723E+00 
  7.034777669269037581E+00 
  7.074037627838970721E+00 
  7.107387993919752844E+00 
  7.132924400679691246E+00 
  7.147178634746028436E+00 
  7.147001346233662566E+00 
  7.129563603128301175E+00 
  7.092356891286476284E+00 
  7.033193114435562165E+00 
  6.950204594173721162E+00 
  6.841844069969965858E+00 
  6.706884699164104013E+00 
  6.544420056966775867E+00 
  6.355438910848931755E+00 
  6.142814292693365985E+00 
  5.909420788766076349E+00 
  5.658132985333033993E+00 
  5.391825468660224274E+00 
  5.113372825013637879E+00 
  4.825649640659253059E+00 
  4.531530501863056948E+00 
  4.233889994891030462E+00 
  3.935602706009158513E+00 
  3.639543221483423796E+00 
  3.348586127579812111E+00 
  3.065606010564303929E+00 
  2.793477456702886386E+00 
  2.535075052261544837E+00 
  2.293273383506254870E+00 
  2.070947036703009836E+00 
  1.870970598117780437E+00 
  1.696218654016564020E+00 
  1.549385928513303146E+00 
  1.432163286135943014E+00 
  1.345660416063173548E+00 
  1.290485400220768186E+00 
  1.266744713281654722E+00 
  1.274043222665862229E+00 
  1.311484188540520623E+00 
  1.377669263819913947E+00 
  1.470698494165411541E+00 
  1.588170317985532431E+00 
  1.727361428587942171E+00 
  1.886050771613391630E+00 
  2.062096860799064846E+00 
  2.253358209882123209E+00 
  2.457693332599748093E+00 
  2.672960742689110880E+00 
  2.897018953887377624E+00 
  3.127726479931725034E+00 
  3.362941834559323606E+00 
  3.600523531507347830E+00 
  3.838330084512967311E+00 
  4.074220007313356540E+00 
  4.306051813645686011E+00 
  4.531684017247130214E+00 
  4.748975131854857423E+00 
  4.955783671206040353E+00 
  5.149968149037857046E+00 
  5.329387079087471335E+00 
  5.491898975092066593E+00 
  5.635362350788803099E+00 
  5.757666188590617296E+00 
  5.857713139314427053E+00 
  5.935180462287062753E+00 
  5.990128703006712740E+00 
  6.023001693142876256E+00 
  6.034626550536398071E+00 
  6.026213679199467599E+00 
  5.999356769315585147E+00 
  5.956032797239608101E+00 
  5.898602025497705625E+00 
  5.829777534111629578E+00 
  5.751642020870498584E+00 
  5.665886861224817217E+00 
  5.574203430625100708E+00 
  5.478283104521855407E+00 
  5.379817258365592103E+00 
  5.280497267606821588E+00 
  5.182014507696054650E+00 
  5.086060354083800306E+00 
  4.994326182220569343E+00 
  4.908503367556873442E+00 
  4.830283285543218952E+00 
  4.761357311630119327E+00 
  4.703287204954743395E+00 
  4.657200192552866547E+00 
  4.623934487063539933E+00 
  4.604047331598509984E+00 
  4.597814999742247721E+00 
  4.605232795551910563E+00 
  4.626015053557378742E+00 
  4.659595138761228661E+00 
  4.705125446638739994E+00 
  4.761477403137904574E+00 
  4.827371080992749697E+00 
  4.901680115511420688E+00 
  4.983286186871480616E+00 
  5.071070975250492552E+00 
  5.163916160826024004E+00 
  5.260703423775636267E+00 
  5.360314444276899515E+00 
  5.461630902507375040E+00 
  5.563534478644626802E+00 
  5.664906852866222309E+00 
  5.764629705349728184E+00 
  5.861584716272706608E+00 
  5.954653565812719762E+00 
  6.042717934147339598E+00 
  6.124659501454125632E+00 
  6.199359947910646262E+00 
  6.265700953694464559E+00 
  6.322519458141812265E+00 
  6.366785303275779739E+00 
  6.394859297319110070E+00 
  6.403619056913965935E+00 
  6.390459007121882529E+00 
  6.353290381423802202E+00 
  6.290541221720082454E+00 
  6.201156378330443530E+00 
  6.084597509994035036E+00 
  5.940843083869374652E+00 
  5.770433116375717653E+00 
  5.576291529664890945E+00 
  5.362468088108409248E+00 
  5.133012556077819255E+00 
  4.891974697944642791E+00 
  4.643404278080415004E+00 
  4.391351060856671928E+00 
  4.139864810644943383E+00 
  3.892995291816762293E+00 
  3.654792268743662476E+00 
  3.429305505797178633E+00 
  3.220584767348834809E+00 
  3.032679817770174591E+00 
  2.869621088310867485E+00 
  2.733430282092977226E+00 
  2.624448829325430665E+00 
  2.542540417826773869E+00 
  2.487090993025218744E+00 
  2.457008757958583089E+00 
  2.450724173274346995E+00 
  2.466189957229611540E+00 
  2.500881085691101458E+00 
  2.551794792135198442E+00 
  2.615469900769748612E+00 
  2.689976221539885692E+00 
  2.774586094913489287E+00 
  2.868571861358436337E+00 
  2.971205861342613996E+00 
  3.081760435333898762E+00 
  3.199507923800175568E+00 
  3.323720667209327129E+00 
  3.453671006029230828E+00 
  3.588631280727771156E+00 
  3.727873831772826829E+00 
  3.870670999632282783E+00 
  4.016295124774019953E+00 
  4.164018547665916614E+00 
  4.313113608775857699E+00 
  4.462852648571723257E+00 
  4.612508007521396003E+00 
  4.761352026092754208E+00 
  4.908657044753683252E+00 
  5.053695403972062294E+00 
  5.195739444215774050E+00 
  5.334061505952699456E+00 
  5.467933929650717673E+00 
  5.596629055777715855E+00 
  5.719419224801570500E+00 
  5.835576777190166986E+00 
  5.944374053411384473E+00 
  6.045083393933101235E+00 
  6.136977139223206201E+00 
  6.219327629749574093E+00 
  6.291407205980093842E+00 
  6.352470686460577554E+00 
  6.400396555933708598E+00 
  6.432526986784617762E+00 
  6.446670292327635998E+00 
  6.441100926806349491E+00 
  6.414559485393553473E+00 
  6.366252704191281531E+00 
  6.295853460230810938E+00 
  6.203500771472624464E+00 
  6.089799796806457444E+00 
  5.955839357973315096E+00 
  5.804550751446577728E+00 
  5.639867726986432572E+00 
  5.465724034353053540E+00 
  5.286053423306624310E+00 
  5.104789643607323235E+00 
  4.925866445015330441E+00 
  4.753217577290823392E+00 
  4.590776790193986656E+00 
  4.442477833484993255E+00 
  4.312260233147732436E+00 
  4.205133537298912039E+00 
  4.125950472544156256E+00 
  4.078189244328443763E+00 
  4.063953536936043776E+00 
  4.083972513490587986E+00 
  4.137600815955016387E+00 
  4.222818565131570168E+00 
  4.336231360661857437E+00 
  4.473070281026774175E+00 
  4.627186107322872388E+00 
  4.789985077353184906E+00 
  4.951655729271138284E+00 
  5.102459162258648817E+00 
  5.236446479128542109E+00 
  5.350430869163171010E+00 
  5.442089215119386481E+00 
  5.509962093228544688E+00 
  5.553453773196465271E+00 
  5.572832218203485510E+00 
  5.569229084904404381E+00 
  5.544639723428526068E+00 
  5.501923177379654639E+00 
  5.444729622807578551E+00 
  5.373782925605689265E+00 
  5.287908558672311798E+00 
  5.252218948807703569E+00 
  5.211847080808015953E+00 
  5.166499322897834645E+00 
  5.115882043301737347E+00 
