    22 
  4.681847028302852820E+00 
  4.763802916521990283E-01 
  4.645538980384716687E+00 
  9.272137117417327268E-01 
  5.369292207640089742E+00 
  1.828693651451605229E+00 
  6.059832242203597730E+00 
  9.289909596447452955E+00 
  5.353031117721893661E-01 
  4.097644105188054386E-02 
  8.731714285606088310E+00 
  1.002649907973410581E+00 
  8.823254460753496176E+00 
  1.105507036951265576E+02 
  5.663203783076724562E-01 
  4.362569009978161105E+00 
  5.623525580291321296E-02 
  1.026768516109531078E+02 
  5.684372999013930228E-01 
  4.578344913027430074E-01 
  1.751655238812528659E-01 
  3.267259079866806193E+00 
