   743 
  5.345985933190777750E+00 
  5.217836168726344148E+00 
  5.080564162115472904E+00 
  4.937210660740307233E+00 
  4.790816411982993905E+00 
  4.644422163225679689E+00 
  4.380520765841450448E+00 
  4.107497126310778235E+00 
  3.837514234162255011E+00 
  3.582735078924464744E+00 
  3.354819257857061920E+00 
  3.161182655344396686E+00 
  3.007060231721475851E+00 
  2.896182136786457750E+00 
  2.830773709800645577E+00 
  2.811555479488487386E+00 
  2.837743164037577870E+00 
  2.907047671098653918E+00 
  3.015675097785606162E+00 
  3.158326730675467875E+00 
  3.328702438077353776E+00 
  3.523240990638826897E+00 
  3.739057272519934028E+00 
  3.973266167880727728E+00 
  4.222982560881255232E+00 
  4.485321335681567767E+00 
  4.757397376441713455E+00 
  5.036325567321742191E+00 
  5.319220792481702986E+00 
  5.603197936081644848E+00 
  5.885371882281617673E+00 
  6.162857515241669581E+00 
  6.432769719121852248E+00 
  6.692223378082213792E+00 
  6.938333376282804110E+00 
  7.168214597883670436E+00 
  7.378981927044864442E+00 
  7.567750247926435136E+00 
  7.731634444688431529E+00 
  7.868496384877007976E+00 
  7.977940435507608008E+00 
  8.059988947453371466E+00 
  8.115038060912331375E+00 
  8.143857705407418379E+00 
  8.147591599786455419E+00 
  8.127757252222167494E+00 
  8.086245960212171013E+00 
  8.025322810578977339E+00 
  7.947626679470000788E+00 
  7.855423248971436401E+00 
  7.749609491025094776E+00 
  7.631038183039981604E+00 
  7.500562102425109678E+00 
  7.359034026589483801E+00 
  7.207306732942113214E+00 
  7.046232998892008936E+00 
  6.876665601848178433E+00 
  6.699457319219630058E+00 
  6.515460928415370390E+00 
  6.325529206844412222E+00 
  6.130514931915762133E+00 
  5.931270881038427589E+00 
  5.728649831621420496E+00 
  5.523504561073748320E+00 
  5.316687846804418527E+00 
  5.109052466222438582E+00 
  4.901451196736821281E+00 
  4.694736815756573201E+00 
  4.489762100690701807E+00 
  4.287379828948217231E+00 
  4.088442777938126937E+00 
  3.893803725069441501E+00 
  3.704315447751167945E+00 
  3.520830723392315065E+00 
  3.344202329401892548E+00 
  3.175283043188907861E+00 
  3.014925642162370689E+00 
  2.863982903731288943E+00 
  2.723307605304671419E+00 
  2.593752524291527806E+00 
  2.476170438100866455E+00 
  2.371414124141695279E+00 
  2.280336359823022629E+00 
  2.203781455410853685E+00 
  2.142393608957280371E+00 
  2.096598538806341061E+00 
  2.066644103314200898E+00 
  2.052600300849149129E+00 
  2.054359269791604881E+00 
  2.071635288534108277E+00 
  2.103964775481327099E+00 
  2.150706289050055453E+00 
  2.211040527669211109E+00 
  2.283978796922844001E+00 
  2.368554654621041422E+00 
  2.463842278294069210E+00 
  2.568915845472192760E+00 
  2.682849533685676580E+00 
  2.804717520464786507E+00 
  2.933593983339787936E+00 
  3.068553099840946707E+00 
  3.208669047498527327E+00 
  3.353016003842795190E+00 
  3.500668146404016134E+00 
  3.650699652712455556E+00 
  3.802184700298377518E+00 
  3.954197466692049634E+00 
  4.105812129423734191E+00 
  4.256102866023699249E+00 
  4.404143854022208870E+00 
  4.549009270949528450E+00 
  4.689773294335923381E+00 
  4.825510101711659061E+00 
  4.955293870607000883E+00 
  5.078198778552213355E+00 
  5.193299003077564535E+00 
  5.299668721713315378E+00 
  5.396382111989734831E+00 
  5.482513351437087401E+00 
  5.557136617585636706E+00 
  5.618651430967139149E+00 
  5.662896881002490446E+00 
  5.686343141132398138E+00 
  5.686475074458367196E+00 
  5.661792233742716007E+00 
  5.611808861408563942E+00 
  5.537053889539841123E+00 
  5.439070939881282207E+00 
  5.320418323838428165E+00 
  5.184669042477624501E+00 
  5.037085443524539130E+00 
  4.886504995476496305E+00 
  4.742148772471824536E+00 
  4.612488580209445743E+00 
  4.503484702273398810E+00 
  4.419511625114474818E+00 
  4.363411378467923818E+00 
  4.336493535353446838E+00 
  4.338535212075205649E+00 
  4.367781068221814778E+00 
  4.420943306666345940E+00 
  4.493201673566323606E+00 
  4.578203458363732992E+00 
  4.668812762224417767E+00 
  4.758872751713563609E+00 
  4.842415768131691500E+00 
  4.914955963309588505E+00 
  4.973092781646921701E+00 
  5.014279194385482974E+00 
  5.036821699609196124E+00 
  5.039880322244110644E+00 
  5.023468614058405279E+00 
  4.988453653662389797E+00 
  4.936556046508499662E+00 
  4.870349924891300475E+00 
  4.793127113629848779E+00 
  4.707551153855066062E+00 
  4.616053820971124821E+00 
  4.521066890382195780E+00 
  4.425022137492453211E+00 
  4.330351337706066950E+00 
  4.239486266427209493E+00 
  4.154858699060054228E+00 
  4.078900411008772764E+00 
  4.014499695560597381E+00 
  3.965327139706901871E+00 
  3.934214827290007488E+00 
  3.923075282134167452E+00 
  3.932901468045570059E+00 
  3.963766788812330244E+00 
  4.014825088204498904E+00 
  4.084310649974052687E+00 
  4.169538197854903316E+00 
  4.266902895562891374E+00 
  4.371423828912732290E+00 
  4.476418229996927955E+00 
  4.575140829237627216E+00 
  4.662251467680112782E+00 
  4.734042967104892696E+00 
  4.787872105638612652E+00 
  4.822159617754062211E+00 
  4.836390194270173026E+00 
  4.831112482352018844E+00 
  4.807939085510812838E+00 
  4.769546563603910272E+00 
  4.719675432834807616E+00 
  4.663111610554482311E+00 
  4.604299859836915587E+00 
  4.547115919367005432E+00 
  4.495268237911615117E+00 
  4.451697661902255021E+00 
  4.418735983847357218E+00 
  4.398127862038663238E+00 
  4.391030820551231173E+00 
  4.398015249243430347E+00 
  4.419064403756938653E+00 
  4.453574405516751433E+00 
  4.500354241731171712E+00 
  4.557625765391817296E+00 
  4.623190985191655500E+00 
  4.695032377942316870E+00 
  4.771154340161823271E+00 
  4.849561268368194789E+00 
  4.928257559079453287E+00 
  5.005247608813619742E+00 
  5.078535814088715128E+00 
  5.146126571422761309E+00 
  5.206024278527682903E+00 
  5.256313027269067462E+00 
  5.295420869791902518E+00 
  5.322172988256075321E+00 
  5.335791694836371946E+00 
  5.335896431722480848E+00 
  5.322503771118983984E+00 
  5.296027415245370129E+00 
  5.257278196336018894E+00 
  5.207464076640215822E+00 
  5.148190147228239866E+00 
  5.081378935031604094E+00 
  5.009006136717324864E+00 
  4.933047448952414982E+00 
  4.855478568403888140E+00 
  4.778275191738758920E+00 
  4.703413015624041904E+00 
  4.632867736726749897E+00 
  4.568615051713897479E+00 
  4.513571598011031583E+00 
  4.479540077377917484E+00 
  4.476098802828414769E+00 
  4.507246995141509061E+00 
  4.571404782861316463E+00 
  4.661413202297074676E+00 
  4.764540409751196748E+00 
  4.870788914812894888E+00 
  4.975889451592183654E+00 
  5.075701527937810376E+00 
  5.165272484678721909E+00 
  5.230892372048373318E+00 
  5.261204402764865229E+00 
  5.250559655519895230E+00 
  5.199017074978766750E+00 
  5.112343471780393500E+00 
  5.002007310309236843E+00 
  4.876871475401705069E+00 
  4.740199401112123567E+00 
  4.595254521494820388E+00 
  4.445300270604123583E+00 
  4.293600082494362091E+00 
  4.143417391219862189E+00 
  3.998015630834953704E+00 
  3.860658235393962912E+00 
  3.734608638951219639E+00 
  3.623130275561051494E+00 
  3.530427560670392317E+00 
  3.461516849887044778E+00 
  3.420498790469430617E+00 
  3.410545156149813018E+00 
  3.433898847134300159E+00 
  3.491873890102838995E+00 
  3.584855438209224587E+00 
  3.712299771081099209E+00 
  3.872734294819937695E+00 
  4.063757542001068757E+00 
  4.281098190281051430E+00 
  4.518744103629421360E+00 
  4.770669980838944113E+00 
  5.030850520702381701E+00 
  5.293260422012496136E+00 
  5.551874383562051207E+00 
  5.800667104143810704E+00 
  6.033613282550534862E+00 
  6.244687617574989247E+00 
  6.427964252178293592E+00 
  6.578929569930397570E+00 
  6.694264835517901524E+00 
  6.771596421422623635E+00 
  6.809495807921621235E+00 
  6.807479583087166830E+00 
  6.766009442786767636E+00 
  6.686492190683151371E+00 
  6.571279738234278689E+00 
  6.423669104693329857E+00 
  6.247802972940354138E+00 
  6.047356893041808235E+00 
  5.825756641742715125E+00 
  5.586427995788104006E+00 
  5.332796731923004074E+00 
  5.068288626892440973E+00 
  4.796329457441443012E+00 
  4.520345000315037609E+00 
  4.243761032258251298E+00 
  3.970003330016114607E+00 
  3.702497670333653623E+00 
  3.444669829955894436E+00 
  3.199945585627868461E+00 
  2.971750714094600454E+00 
  2.763510992101116948E+00 
  3.108348025417938310E+00 
  4.074550517023735274E+00 
  5.553370207747946985E+00 
  7.455222497289048178E+00 
  9.706150563406220400E+00 
  1.224493042756211914E+01 
  1.502070078313639456E+01 
  1.799102246289426787E+01 
  2.112028966532544061E+01 
  2.437842917678829480E+01 
  2.721013955565084075E+01 
  2.952854792663573491E+01 
  3.142670015815446050E+01 
  3.298077576412245548E+01 
  3.425314525533676857E+01 
  3.529487328707209315E+01 
  3.614776806299720846E+01 
  3.684605924518664466E+01 
  3.741777171064832430E+01 
  3.788585028803983334E+01 
  3.826908061420725460E+01 
  3.858284306775262706E+01 
  3.883973003763142628E+01 
  3.905005129993621438E+01 
  3.922224778541132650E+01 
  3.936323034364174589E+01 
  3.947865709971260628E+01 
  3.957316053463583927E+01 
  3.965053340307899532E+01 
  3.971388094992727247E+01 
  3.976574553466399209E+01 
  3.980820866518357803E+01 
  3.984297453601190853E+01 
  3.987143842361661683E+01 
  3.989474268375074928E+01 
  3.991382259820028366E+01 
  3.992944391092621004E+01 
  3.994223356005837644E+01 
  3.995270483912396742E+01 
  3.996127799731901575E+01 
  3.996829710558431259E+01 
  3.997404386538029541E+01 
  3.997874891435581901E+01 
  3.998260108264680923E+01 
  3.998575497129267831E+01 
  3.998833715691883839E+01 
  3.999045127170113290E+01 
  3.999218216248893043E+01 
  3.999359929600711894E+01 
  3.999475954679967771E+01 
  3.999570947980483027E+01 
  3.999648721916950933E+01 
  3.999712397830526101E+01 
  3.999764531259199885E+01 
  3.999807214500518882E+01 
  3.999842160582826978E+01 
  3.999870772015113118E+01 
  3.999894197074613800E+01 
  3.999913375891220824E+01 
  3.999929078178185193E+01 
  3.999941934123415166E+01 
  3.999952459681135508E+01 
  3.999961077278934596E+01 
  3.999968132771270035E+01 
  3.999973909319824372E+01 
  3.999978638757771421E+01 
  3.999982510894063381E+01 
  3.999985681131126114E+01 
  3.999988276701704137E+01 
  3.999990401775157522E+01 
  3.999992141638146137E+01 
  3.999993566117481691E+01 
  3.999994732382521079E+01 
  3.999995687239574238E+01 
  3.999996469010408617E+01 
  3.999997109070233137E+01 
  3.999997633106894313E+01 
  3.999998062151824740E+01 
  3.999998413424104626E+01 
  3.999998701021522862E+01 
  3.999998936486372969E+01 
  3.999999129268687170E+01 
  3.999999287105497103E+01 
  3.999999416331346680E+01 
  3.999999522132523566E+01 
  3.999999608755201308E+01 
  3.999999679675850928E+01 
  3.999999737740768779E+01 
  3.999999785280301978E+01 
  3.999999824202379983E+01 
  3.999999856069082682E+01 
  3.999999882159331577E+01 
  3.999999903520220812E+01 
  3.999999921009037962E+01 
  3.999999935327669931E+01 
  3.999999947050774551E+01 
  3.999999956648840538E+01 
  3.999999964507073003E+01 
  3.999999970940848470E+01 
  3.999999976208378882E+01 
  3.999999980521069176E+01 
  3.999999984051999746E+01 
  3.999999986942881236E+01 
  3.999999989309735327E+01 
  3.999999991247552344E+01 
  3.999999992834101192E+01 
  3.999999994133058578E+01 
  3.999999995196554892E+01 
  3.999999996067271724E+01 
  3.999999996780154277E+01 
  3.999999997363813975E+01 
  3.999999997841673149E+01 
  3.999999998232911480E+01 
  3.999999998553230540E+01 
  3.999999998815484759E+01 
  3.999999999030201536E+01 
  3.999999999205995493E+01 
  3.999999999349923741E+01 
  3.999999999467762279E+01 
  3.999999999564240483E+01 
  3.999999999643230097E+01 
  3.999999999707902276E+01 
  3.999999999760850500E+01 
  3.999999999804200712E+01 
  3.999999999839693743E+01 
  3.999999999868752099E+01 
  3.999999999892543201E+01 
  3.999999999912022020E+01 
  3.999999999927969441E+01 
  3.999999999941026374E+01 
  3.999999999951716489E+01 
  3.999999999960468955E+01 
  3.999999999967634778E+01 
  3.999999999973501019E+01 
  3.999999999978304288E+01 
  3.999999999982237853E+01 
  3.999999999985457322E+01 
  3.999999999988093435E+01 
  3.999999999990252064E+01 
  3.999999999992018473E+01 
  3.999999999993465849E+01 
  3.650597565233872643E+01 
  3.309848245657024535E+01 
  2.977982592078519630E+01 
  2.654616353139137885E+01 
  2.338750475304843945E+01 
  2.028771102866783949E+01 
  1.722449577941290855E+01 
  1.417016368584290475E+01 
  1.111012873532908074E+01 
  8.037208077687246544E+00 
  8.438886834909464341E+00 
  8.728713906511103460E+00 
  8.899131807857806109E+00 
  8.949374700631782531E+00 
  8.885468392831816331E+00 
  8.720230338773319545E+00 
  8.473269639088254479E+00 
  8.170247759581121372E+00 
  7.824360483812884404E+00 
  7.442044057468388374E+00 
  7.029734726232490516E+00 
  6.593868735790039182E+00 
  6.140882331825885387E+00 
  5.677211760024879261E+00 
  5.209293266071870931E+00 
  4.743563095651711414E+00 
  4.286457494449253502E+00 
  3.844412708149344660E+00 
  3.423864982436835014E+00 
  3.031250562996580022E+00 
  2.673005695513425373E+00 
  2.355566625672227854E+00 
  2.090115959879859542E+00 
  1.917705293341709138E+00 
  1.868621759795370263E+00 
  1.953682056869364914E+00 
  2.164232446083216299E+00 
  2.472148752847374453E+00 
  2.830023738725778948E+00 
  3.208241350017851712E+00 
  3.598733260974940062E+00 
  3.992865765248109433E+00 
  4.376693415166101886E+00 
  4.705836393658868744E+00 
  4.946113964523865647E+00 
  5.082250447067326427E+00 
  5.117875216104201819E+00 
  5.075522701958218974E+00 
  4.996445018199331400E+00 
  4.903537713061723480E+00 
  4.797583226227360775E+00 
  4.679363997378205298E+00 
  4.549662466196226163E+00 
  4.409261072363383605E+00 
  4.258942255561644963E+00 
  4.099488455472971360E+00 
  3.931682111779328803E+00 
  3.756305664162681524E+00 
  3.574141552304994640E+00 
  3.385972215888230608E+00 
  3.192580094594354101E+00 
  2.994747628105330683E+00 
  2.793257256103124142E+00 
  2.588891418269699152E+00 
  2.382432554287018611E+00 
  2.174663103837048528E+00 
  1.966365506601751800E+00 
  1.758322202263093548E+00 
  1.551315630503038445E+00 
  1.346128231003550724E+00 
  1.143542443446594614E+00 
  9.443407075141344587E-01 
  7.493054628881342660E-01 
  5.592191492505577122E-01 
  3.748642062833703048E-01 
  1.970230736685355255E-01 
  2.647819108801918730E-02 
 -1.359880017762158388E-01 
 -2.895930652422055718E-01 
 -4.335545596279846703E-01 
 -5.670900452515894585E-01 
 -6.894170824310545953E-01 
 -7.997532314844171264E-01 
 -8.973160527297124878E-01 
 -9.813231064849745611E-01 
 -1.046506629528677790E+00 
 -1.069022140467566384E+00 
 -1.027181115821228286E+00 
 -9.041532949705249900E-01 
 -6.879666801575815560E-01 
 -3.715075364858279050E-01 
  4.747960808005622507E-02 
  5.663919627140838742E-01 
  1.177768473729004839E+00 
  1.869289824576301884E+00 
  2.619293112306594118E+00 
  3.382680452937512516E+00 
  4.111651657538239135E+00 
  4.769163451551842847E+00 
  5.338497694406662220E+00 
  5.808135884412704897E+00 
  6.171532987877165866E+00 
  6.427117439104482521E+00 
  6.578291140396295589E+00 
  6.633429462051447345E+00 
  6.605881242366022477E+00 
  6.513968787633298341E+00 
  6.380987872143785822E+00 
  6.224450823811316980E+00 
  6.046518304561653068E+00 
  5.849124805436136221E+00 
  5.634204817476100580E+00 
  5.403692831722886503E+00 
  5.159523339217830795E+00 
  4.903630831002269375E+00 
  4.637949798117541711E+00 
  4.364414731604982833E+00 
  4.084960122505931324E+00 
  3.801520461861726208E+00 
  3.516030240713702515E+00 
  3.230423950103198827E+00 
  2.946636081071552393E+00 
  2.666601124660100908E+00 
  2.392253571910181176E+00 
  2.125527913863131779E+00 
  1.868358641560288858E+00 
  1.622680246042991659E+00 
  1.390427218352575878E+00 
  1.173534049530378764E+00 
  9.739352306177397889E-01 
  7.935652526559948683E-01 
  6.343586066864833617E-01 
  4.982496992775562461E-01 
  3.862629531040230324E-01 
  2.983560634103735731E-01 
  2.342012922025769883E-01 
  1.931854682481017049E-01 
  1.744099870758972770E-01 
  1.766908109764074308E-01 
  1.985584690015670672E-01 
  2.382580569647949065E-01 
  2.937492374410055618E-01 
  3.627063242395817122E-01 
  4.434281818249417029E-01 
  5.349949688533189862E-01 
  6.364868439809455714E-01 
  7.469839658640549107E-01 
  8.655664931588784583E-01 
  9.913145845216486673E-01 
  1.123308398608600100E+00 
  1.260628094075963546E+00 
  1.402353829579973121E+00 
  1.547565763776860503E+00 
  1.695344055322858479E+00 
  1.844768862874200055E+00 
  1.994920345087117353E+00 
  2.144878660617843824E+00 
  2.293723968122611812E+00 
  2.440536426257653879E+00 
  2.584396193679203257E+00 
  2.724383429043491844E+00 
  2.859578291006752426E+00 
  2.989060938225217789E+00 
  3.111911529355121608E+00 
  3.227210223052694005E+00 
  3.334037177974169985E+00 
  3.431472552775781448E+00 
  3.518596506113760736E+00 
  3.594489196644341966E+00 
  3.658172707203530827E+00 
  3.708252996829371373E+00 
  3.743490112372850120E+00 
  3.762935348630061405E+00 
  3.765931248342198501E+00 
  3.752111602195552287E+00 
  3.721401448821521463E+00 
  3.674017074796600557E+00 
  3.610466014642389698E+00 
  3.531547050825589729E+00 
  3.438408289578225752E+00 
  3.332905208875392766E+00 
  3.217030446824335144E+00 
  3.092776641532303028E+00 
  2.962136431106543899E+00 
  2.827102453654303460E+00 
  2.689667347282830523E+00 
  2.551823750099372123E+00 
  2.415564300211175297E+00 
  2.282881635725487079E+00 
  2.155768394749556283E+00 
  2.036217215390629054E+00 
  1.926220735755953983E+00 
  1.827771593952777440E+00 
  1.742862378358375874E+00 
  1.673389140197592440E+00 
  1.620885134626306012E+00 
  1.586476194300300957E+00 
  1.570880729375258245E+00 
  1.574409727506759893E+00 
  1.596966753850293852E+00 
  1.638047951061242458E+00 
  1.696742039294894200E+00 
  1.771730316206433731E+00 
  1.861286706680919112E+00 
  1.963374250255747189E+00 
  2.075911360037171249E+00 
  2.196816449131448135E+00 
  2.324007930644832687E+00 
  2.455404217683581081E+00 
  2.588923723353949047E+00 
  2.722484860762191428E+00 
  2.854006043014564398E+00 
  2.981405683217323244E+00 
  3.102602194476723696E+00 
  3.215513989899020597E+00 
  3.318059482590471454E+00 
  3.408157085657329333E+00 
  3.482621832351510793E+00 
  3.536555592941642345E+00 
  3.566330247355465666E+00 
  3.569686504159776952E+00 
  3.545733900560412710E+00 
  3.494950802402267520E+00 
  3.419184404169281155E+00 
  3.321650728984438583E+00 
  3.206934628609779736E+00 
  3.080989783446391517E+00 
  2.952242082388750966E+00 
  2.830625608740429566E+00 
  2.721327350332268580E+00 
  2.628123380309727253E+00 
  2.553601340842989842E+00 
  2.499160443126956288E+00 
  2.465011467381249322E+00 
  2.450176762850214907E+00 
  2.452490247802913359E+00 
  2.468597409533130893E+00 
  2.493955304359370739E+00 
  2.524406354838098387E+00 
  2.559450467003165919E+00 
  2.598810030598524445E+00 
  2.642207435368124191E+00 
  2.689365071055914935E+00 
  2.740005327405847346E+00 
  2.793850594161871648E+00 
  2.850623261067939396E+00 
  2.910045717868000370E+00 
  2.971840354306004794E+00 
  3.035729560125902893E+00 
  3.101435725071645777E+00 
  3.168681238887183227E+00 
  3.237188491316466354E+00 
  3.306679872103444495E+00 
  3.376877770992069649E+00 
  3.447504577726292041E+00 
  3.518282682050060117E+00 
  3.588934473707325878E+00 
  3.659182342442039548E+00 
  3.728748677998152239E+00 
  3.797355870119612398E+00 
  3.864726308550372469E+00 
  3.930582383034381344E+00 
  3.994646483315591468E+00 
  4.056640999137951731E+00 
  4.116288320245411470E+00 
  4.173310836381924460E+00 
  4.227430937291437374E+00 
  4.278371012717903987E+00 
  4.325853452405273636E+00 
  4.369600646097493879E+00 
  4.409334983538519381E+00 
  4.444778854472297702E+00 
  4.475654648642780842E+00 
  4.501582146993543532E+00 
  4.518723571250992777E+00 
  4.522356168506564522E+00 
  4.508857382978213479E+00 
  4.475704856010425559E+00 
  4.421476426074211652E+00 
  4.345850128767099640E+00 
  4.249604196813152157E+00 
  4.134617060062948823E+00 
  4.003867345493600460E+00 
  3.861536486009113478E+00 
  3.716363670857189216E+00 
  3.578846021167012559E+00 
  3.455108554949884336E+00 
  3.348753375292140788E+00 
  3.262265740722624319E+00 
  3.197014065212685274E+00 
  3.153249918176173061E+00 
  3.130108024469445915E+00 
  3.125606264391362465E+00 
  3.136645673683287505E+00 
  3.159010443529092438E+00 
  3.187595160435163333E+00 
  3.220549669468279141E+00 
  3.257429886062683799E+00 
  3.297791725652619910E+00 
  3.341191103672331852E+00 
  3.387183935556061787E+00 
  3.409488319716289073E+00 
  3.432768209639295076E+00 
  3.456912584183641002E+00 
  3.481810422207887168E+00 
