   743 
  1.594604833584331915E+00 
  1.604978093801854078E+00 
  1.620758340274322196E+00 
  1.640915670857936215E+00 
  1.664420183408897191E+00 
  1.690241975783406403E+00 
  1.717351145837662241E+00 
  1.744717791427869757E+00 
  1.771312010410228233E+00 
  1.796103900640938056E+00 
  1.818063559976200283E+00 
  1.836161086272215082E+00 
  1.849366577385185506E+00 
  1.856650131171311280E+00 
  1.857408093306649466E+00 
  1.854203929032670173E+00 
  1.847854435447237931E+00 
  1.838603909972599704E+00 
  1.826696650031005120E+00 
  1.812376953044703365E+00 
  1.795889116435942734E+00 
  1.777477437626973966E+00 
  1.757386214040042693E+00 
  1.735859743097399654E+00 
  1.713142322221293146E+00 
  1.689478248833972573E+00 
  1.665111820357688233E+00 
  1.640287334214685533E+00 
  1.615249087827215213E+00 
  1.590241378617525569E+00 
  1.565508504007866453E+00 
  1.541294761420487491E+00 
  1.517844448277634539E+00 
  1.495401862001558113E+00 
  1.474211300014507176E+00 
  1.454517059738730689E+00 
  1.436563438596478282E+00 
  1.420594734009996696E+00 
  1.406855243401535782E+00 
  1.395589264193344725E+00 
  1.387041093807672043E+00 
  1.381455029666767365E+00 
  1.379075369192878098E+00 
  1.379513901008567522E+00 
  1.381539459670009684E+00 
  1.385042414422420265E+00 
  1.389950556268194415E+00 
  1.396191676209730392E+00 
  1.403693565249423791E+00 
  1.412384014389671094E+00 
  1.422190814632868783E+00 
  1.433041756981412895E+00 
  1.444864632437700802E+00 
  1.457587232004128763E+00 
  1.471137346683093261E+00 
  1.485442767476990333E+00 
  1.500431285388215796E+00 
  1.516030691419168130E+00 
  1.532168776572242708E+00 
  1.548773331849835788E+00 
  1.565772148254344298E+00 
  1.583093016788163387E+00 
  1.600663728453691981E+00 
  1.618412074253325006E+00 
  1.636265845189458945E+00 
  1.654152832264490947E+00 
  1.672000826480815494E+00 
  1.689737618840831956E+00 
  1.707291000346935705E+00 
  1.724588762001522557E+00 
  1.741558694806989660E+00 
  1.758128589765732164E+00 
  1.774226237880148771E+00 
  1.789779430152634632E+00 
  1.804715957585586672E+00 
  1.818963611181400930E+00 
  1.832450181942473222E+00 
  1.845103460871201806E+00 
  1.856851238969982276E+00 
  1.867621307241211115E+00 
  1.877341456687284582E+00 
  1.885939478310598716E+00 
  1.893343163113551331E+00 
  1.899480302098538020E+00 
  1.904278686267955489E+00 
  1.907666106624199998E+00 
  1.909570354169668249E+00 
  1.909926389467095253E+00 
  1.908831448701432620E+00 
  1.906398320748478925E+00 
  1.902705399702392608E+00 
  1.897831079657332776E+00 
  1.891853754707457869E+00 
  1.884851818946926993E+00 
  1.876903666469898813E+00 
  1.868087691370532433E+00 
  1.858482287742986960E+00 
  1.848165849681420392E+00 
  1.837216771279991834E+00 
  1.825713446632860615E+00 
  1.813734269834184731E+00 
  1.801357634978124622E+00 
  1.788661936158837173E+00 
  1.775725567470482158E+00 
  1.762626923007218238E+00 
  1.749444396863204298E+00 
  1.736256383132600334E+00 
  1.723141275909563008E+00 
  1.710177469288252539E+00 
  1.697443357362827143E+00 
  1.685017334227446151E+00 
  1.672977793976269112E+00 
  1.661403130703452913E+00 
  1.650371738503157548E+00 
  1.639962011469541903E+00 
  1.630252343696764639E+00 
  1.621321129278985307E+00 
  1.613246762310361460E+00 
  1.606107636885052647E+00 
  1.599982147097217533E+00 
  1.594948687041015001E+00 
  1.591085650810604157E+00 
  1.588471432500143443E+00 
  1.587184426203791743E+00 
  1.587874292386910025E+00 
  1.592787472303379692E+00 
  1.601467989131897474E+00 
  1.613135047657532573E+00 
  1.627007852665351972E+00 
  1.642305608940422879E+00 
  1.658247521267813163E+00 
  1.674052794432589142E+00 
  1.688940633219820686E+00 
  1.702130242414574113E+00 
  1.712840826801917071E+00 
  1.720291591166916989E+00 
  1.723701740294641294E+00 
  1.722924922640617140E+00 
  1.719306976416863142E+00 
  1.713409881441938509E+00 
  1.705750451491619080E+00 
  1.696845500341681134E+00 
  1.687211841767898735E+00 
  1.677366289546048606E+00 
  1.667825657451905919E+00 
  1.659106759261246733E+00 
  1.651726408749846664E+00 
  1.646201419693480439E+00 
  1.643048605867924339E+00 
  1.642669763228205682E+00 
  1.644326981258645182E+00 
  1.647618101355152298E+00 
  1.652337212734354965E+00 
  1.658278404612879120E+00 
  1.665235766207351142E+00 
  1.673003386734398079E+00 
  1.681375355410645200E+00 
  1.690145761452720885E+00 
  1.699108694077250625E+00 
  1.708058242500861024E+00 
  1.716788495940178905E+00 
  1.725093543611829539E+00 
  1.732767474732441526E+00 
  1.739604378518640138E+00 
  1.745398344187052198E+00 
  1.749943460954304086E+00 
  1.753033818037022407E+00 
  1.754463504651833761E+00 
  1.753640053120498310E+00 
  1.749695144818971260E+00 
  1.743132872198493111E+00 
  1.734525962681155109E+00 
  1.724447143689045392E+00 
  1.713469142644254317E+00 
  1.702164686968872021E+00 
  1.691106504084988638E+00 
  1.680867321414694304E+00 
  1.672019866380077824E+00 
  1.665136866403229554E+00 
  1.660791048906239631E+00 
  1.659539429681392120E+00 
  1.660764957569085709E+00 
  1.663657632203941361E+00 
  1.667889275092422796E+00 
  1.673131707740994623E+00 
  1.679056751656121005E+00 
  1.685336228344265441E+00 
  1.691641959311893206E+00 
  1.697645766065468020E+00 
  1.703019470111454270E+00 
  1.707434892956315897E+00 
  1.710563856106517067E+00 
  1.712078181068522387E+00 
  1.711791342225186474E+00 
  1.710025128994979715E+00 
  1.706967079797212516E+00 
  1.702786172521690178E+00 
  1.697651385058217555E+00 
  1.691731695296600169E+00 
  1.685196081126642875E+00 
  1.678213520438150752E+00 
  1.670952991120929765E+00 
  1.663583471064784103E+00 
  1.656273938159519066E+00 
  1.649193370294940175E+00 
  1.642510745360852287E+00 
  1.636395041247061144E+00 
  1.631015235843371158E+00 
  1.626540307039587629E+00 
  1.623139232725515857E+00 
  1.620980990790961362E+00 
  1.620234558114789447E+00 
  1.621001431496312151E+00 
  1.623159340174413767E+00 
  1.626540991870491393E+00 
  1.630979094305943455E+00 
  1.636306355202166829E+00 
  1.642355482280559720E+00 
  1.648959183262519668E+00 
  1.655950165869443991E+00 
  1.663161137822730673E+00 
  1.670424806843776366E+00 
  1.677573880653980165E+00 
  1.684441066974738721E+00 
  1.690859073527450018E+00 
  1.696660608033511597E+00 
  1.701678378214320331E+00 
  1.705745091791275092E+00 
  1.708693456485772755E+00 
  1.710356180019211303E+00 
  1.709769227747862663E+00 
  1.699241025072368405E+00 
  1.680487782723536050E+00 
  1.658066309384656822E+00 
  1.636533413739015952E+00 
  1.620445904469909104E+00 
  1.614355330051388204E+00 
  1.615779082298876457E+00 
  1.619699490085483529E+00 
  1.625840221862885349E+00 
  1.633924946082754737E+00 
  1.643677331196768954E+00 
  1.654821045656599265E+00 
  1.667079757913922489E+00 
  1.680177136420414552E+00 
  1.693836849627747165E+00 
  1.707782565987598034E+00 
  1.721737953951638422E+00 
  1.735426681971544927E+00 
  1.748572418498993919E+00 
  1.760898831985656887E+00 
  1.772129590883211314E+00 
  1.781988363643328910E+00 
  1.790198818717686491E+00 
  1.796484624557959098E+00 
  1.800569449615819773E+00 
  1.802176962342944222E+00 
  1.800234054418945240E+00 
  1.793776883293084046E+00 
  1.783304494218853398E+00 
  1.769327080074066805E+00 
  1.752354833736530670E+00 
  1.732897948084060058E+00 
  1.711466615994463369E+00 
  1.688571030345547452E+00 
  1.664721384015129368E+00 
  1.640427869881013079E+00 
  1.616200680821015423E+00 
  1.592550009712943471E+00 
  1.569986049434604514E+00 
  1.549018992863815392E+00 
  1.530159032878380732E+00 
  1.513916362356116041E+00 
  1.500801174174829056E+00 
  1.491323661212328844E+00 
  1.485994016346428914E+00 
  1.485238228023173734E+00 
  1.488370673217407125E+00 
  1.494889778233656541E+00 
  1.504505465142839338E+00 
  1.516927656015876202E+00 
  1.531866272923688488E+00 
  1.549031237937191552E+00 
  1.568132473127310078E+00 
  1.588879900564957204E+00 
  1.610983442321056280E+00 
  1.634153020466529327E+00 
  1.658098557072289259E+00 
  1.682529974209262758E+00 
  1.707157193948362073E+00 
  1.731690138360510334E+00 
  1.755838729516630004E+00 
  1.779312889487634219E+00 
  1.801822540344448997E+00 
  1.823077604157987031E+00 
  1.842788002999171670E+00 
  1.860663658938924270E+00 
  1.876414494048159742E+00 
  1.889750430397801439E+00 
  1.900381390058765607E+00 
  1.908017295101973820E+00 
  1.912368067598345656E+00 
  1.913256947729806035E+00 
  1.912394718090199008E+00 
  1.910496080419087139E+00 
  1.907626361412436466E+00 
  1.903850887766212585E+00 
  1.899234986176383089E+00 
  1.893843983338912684E+00 
  1.887743205949769409E+00 
  1.880997980704918859E+00 
  1.873673634300326185E+00 
  1.865835493431959646E+00 
  1.857548884795783506E+00 
  1.848879135087766024E+00 
  1.839891571003872572E+00 
  1.830651519240068303E+00 
  1.821224306492321920E+00 
  1.811675259456597020E+00 
  1.802069704828862751E+00 
  1.792472969305083819E+00 
  1.782950379581225153E+00 
  1.773567262353256124E+00 
  1.764388944317139885E+00 
  1.755480752168845360E+00 
  1.746908012604338145E+00 
  1.738736052319582726E+00 
  1.731030198010548027E+00 
  1.723855776373197868E+00 
  1.717278114103500952E+00 
  1.711362537897421987E+00 
  1.706174374450927234E+00 
  1.701778950459983841E+00 
  1.698241592620557405E+00 
  1.695627627628614853E+00 
  1.694002382180121780E+00 
  1.693431182971044890E+00 
  1.696728647660193046E+00 
  1.705247652638405276E+00 
  1.716472475361527916E+00 
  1.727886076066853294E+00 
  1.736971414991674623E+00 
  1.741211452373281787E+00 
  1.740621263520561124E+00 
  1.738343938076395645E+00 
  1.734584718692695704E+00 
  1.729499840892869456E+00 
  1.723245540200327275E+00 
  1.715978052138476651E+00 
  1.707853612230728402E+00 
  1.699028456000490905E+00 
  1.689658818971171650E+00 
  1.679900936666182121E+00 
  1.669911044608928696E+00 
  1.659845378322823750E+00 
  1.649860173331274105E+00 
  1.640111665157687915E+00 
  1.630756089325476665E+00 
  1.621949681358046957E+00 
  1.613848676778810276E+00 
  1.606609311111174332E+00 
  1.600387819878547280E+00 
  1.595340438604339939E+00 
  1.591623402811960020E+00 
  1.589392948024817231E+00 
  1.588830620044459518E+00 
  1.590991046301900136E+00 
  1.595327166846869371E+00 
  1.600407603858624794E+00 
  1.604800979516423531E+00 
  1.607075915999523374E+00 
  1.606667488443774827E+00 
  1.604813439450003099E+00 
  1.601759101526891493E+00 
  1.597706543517763311E+00 
  1.592857834265941852E+00 
  1.587415042614749083E+00 
  1.581580237407510525E+00 
  1.575555487487547035E+00 
  1.569542861698183911E+00 
  1.563744428882743343E+00 
  1.558362257884547741E+00 
  1.553598417546921961E+00 
  1.549654976713188193E+00 
  1.546734004226670178E+00 
  1.545037568930690774E+00 
  1.544858918308854578E+00 
  1.547484679135709307E+00 
  1.552914098199583925E+00 
  1.560683377611805422E+00 
  1.570328719483703006E+00 
  1.581386325926606773E+00 
  1.593392399051842157E+00 
  1.605883140970741030E+00 
  1.618394753794628382E+00 
  1.630463439634834311E+00 
  1.641625400602688911E+00 
  1.651416838809517840E+00 
  1.659373956366651859E+00 
  1.665032955385417512E+00 
  1.667930037977144675E+00 
  1.667914736568330003E+00 
  1.666158672262807894E+00 
  1.663041007261332194E+00 
  1.658809530589554493E+00 
  1.653712031273125938E+00 
  1.647996298337696564E+00 
  1.641910120808919515E+00 
  1.635701287712444385E+00 
  1.629617588073924095E+00 
  1.623906810919008681E+00 
  1.618816745273349067E+00 
  1.614595180162597732E+00 
  1.611489904612404489E+00 
  1.609748707648421817E+00 
  1.609661219771098883E+00 
  1.611678906230646247E+00 
  1.615710610771319278E+00 
  1.621560512481002192E+00 
  1.629032790447575874E+00 
  1.637931623758924315E+00 
  1.648061191502931289E+00 
  1.659225672767476567E+00 
  1.671229246640446142E+00 
  1.683876092209719122E+00 
  1.696970388563180387E+00 
  1.710316314788714154E+00 
  1.723718049974199529E+00 
  1.736979773207522726E+00 
  1.749905663576563075E+00 
  1.762299900169205014E+00 
  1.773966662073332756E+00 
  1.784710128376825855E+00 
  1.794334478167569857E+00 
  1.802643890533444981E+00 
  1.809442544562335442E+00 
  1.814534619342124122E+00 
  1.817724293960692794E+00 
  1.818814461337298516E+00 
  1.805411325715069459E+00 
  1.769232629166140658E+00 
  1.715484214188033985E+00 
  1.649371923278296848E+00 
  1.576101598934443127E+00 
  1.500879083654025559E+00 
  1.428910219934565129E+00 
  1.365400850273584821E+00 
  1.315556817168634485E+00 
  1.284583963117232663E+00 
  1.277062143697030638E+00 
  1.281891042528021440E+00 
  1.292802025690340084E+00 
  1.309250103548559752E+00 
  1.330690286467261840E+00 
  1.356577584811016424E+00 
  1.386367008944402901E+00 
  1.419513569232002892E+00 
  1.455472276038383361E+00 
  1.493698139728131036E+00 
  1.533646170665811326E+00 
  1.574771379216006739E+00 
  1.616528775743298896E+00 
  1.658373370612252984E+00 
  1.699760174187457284E+00 
  1.740144196833476542E+00 
  1.778980448914893042E+00 
  1.815723940796288627E+00 
  1.849829682842229150E+00 
  1.880752685417301340E+00 
  1.907947958886072160E+00 
  1.930870513613123229E+00 
  1.948975359963032838E+00 
  1.961717508300373058E+00 
  1.968551968989723289E+00 
  1.964914767530653972E+00 
  1.924969323331100712E+00 
  1.857285463402052805E+00 
  1.777804805978865588E+00 
  1.702468969296854651E+00 
  1.647219571591378440E+00 
  1.627839573479591628E+00 
  1.628719284944040169E+00 
  1.631068159893353187E+00 
  1.634819945182779621E+00 
  1.639908387667567080E+00 
  1.646267234202964502E+00 
  1.653830231644221271E+00 
  1.662531126846583884E+00 
  1.672303666665303501E+00 
  1.683081597955625730E+00 
  1.694798667572800177E+00 
  1.707388622372077558E+00 
  1.720785209208702593E+00 
  1.734922174937927553E+00 
  1.749733266414996935E+00 
  1.765152230495161456E+00 
  1.781112814033671388E+00 
  1.797548763885771450E+00 
  1.814393826906714136E+00 
  1.831581749951743499E+00 
  1.849046279876110699E+00 
  1.866721163535066008E+00 
  1.884540147783853481E+00 
  1.902436979477726275E+00 
  1.920345405471928224E+00 
  1.938199172621710265E+00 
  1.955932027782322891E+00 
  1.973477717809010601E+00 
  1.990769989557026109E+00 
  2.007742589881613249E+00 
  2.024329265638022513E+00 
  2.040463763681505505E+00 
  2.056079830867305169E+00 
  2.071111214050675553E+00 
  2.085491660086860044E+00 
  2.099154915831110024E+00 
  2.112034728138675099E+00 
  2.124064843864800878E+00 
  2.135179009864737854E+00 
  2.145310972993732967E+00 
  2.154394480107035381E+00 
  2.162363278059895588E+00 
  2.169151113707558309E+00 
  2.174691733905275370E+00 
  2.178918885508293268E+00 
  2.181766315371861165E+00 
  2.183167770351227777E+00 
  2.179259045886678070E+00 
  2.154244037364917652E+00 
  2.109882050786138219E+00 
  2.050220571099504507E+00 
  1.979307083254174371E+00 
  1.901189072199335195E+00 
  1.819914022884133731E+00 
  1.739529420257761139E+00 
  1.664082749269373496E+00 
  1.597621494868129544E+00 
  1.544193142003216668E+00 
  1.507845175623787615E+00 
  1.492625080679021554E+00 
  1.493471915979681874E+00 
  1.497222842470920190E+00 
  1.503522546580538188E+00 
  1.512207225119695408E+00 
  1.523113074899547836E+00 
  1.536076292731254567E+00 
  1.550933075425975805E+00 
  1.567519619794865537E+00 
  1.585672122649086191E+00 
  1.605226780799791308E+00 
  1.626019791058141095E+00 
  1.647887350235296866E+00 
  1.670665655142410611E+00 
  1.694190902590646752E+00 
  1.718299289391156615E+00 
  1.742827012355101735E+00 
  1.767610268293643871E+00 
  1.792485254017933682E+00 
  1.817288166339136923E+00 
  1.841855202068404251E+00 
  1.866022558016897204E+00 
  1.889626430995777318E+00 
  1.912503017816195916E+00 
  1.934488515289317867E+00 
  1.955419120226294494E+00 
  1.975131029438287555E+00 
  1.993460439736457701E+00 
  2.010243547931957142E+00 
  2.025316550835949858E+00 
  2.038515645259588283E+00 
  2.049677028014033731E+00 
  2.058636895910445741E+00 
  2.065231445759978079E+00 
  2.069296874373792949E+00 
  2.070669450090614649E+00 
  2.069955899335707894E+00 
  2.067895671253678902E+00 
  2.064566653486352266E+00 
  2.060046733675549469E+00 
  2.054413799463094659E+00 
  2.047745738490810652E+00 
  2.040120438400520264E+00 
  2.031615786834047199E+00 
  2.022309671433213385E+00 
  2.012279979839843858E+00 
  2.001604599695760989E+00 
  1.990361418642785818E+00 
  1.978628324322744936E+00 
  1.966483204377458271E+00 
  1.954003946448751972E+00 
  1.941268438178447742E+00 
  1.928354567208366843E+00 
  1.915340221180335867E+00 
  1.902303287736174298E+00 
  1.889321654517708948E+00 
  1.876473209166761302E+00 
  1.863835839325152177E+00 
  1.851487432634709052E+00 
  1.839505876737250967E+00 
  1.827969059274604291E+00 
  1.816954867888590730E+00 
  1.806541190221032211E+00 
  1.796805913913754438E+00 
  1.787826926608577560E+00 
  1.779682115947327725E+00 
  1.772449369571826416E+00 
  1.766206575123896227E+00 
  1.761031620245361751E+00 
  1.757002392578044470E+00 
  1.754196779763769198E+00 
  1.752692669444357643E+00 
  1.752617125010418109E+00 
  1.754400387273693962E+00 
  1.757989869893017199E+00 
  1.763216846071931743E+00 
  1.769912589013983739E+00 
  1.777908371922719555E+00 
  1.787035468001682448E+00 
  1.797125150454420561E+00 
  1.808008692484476043E+00 
  1.819517367295395927E+00 
  1.831482448090727244E+00 
  1.843735208074011922E+00 
  1.856106920448798991E+00 
  1.868428858418630156E+00 
  1.880532295187052449E+00 
  1.892248503957613126E+00 
  1.903408757933854112E+00 
  1.913844330319323772E+00 
  1.923386494317565143E+00 
  1.931866523132124369E+00 
  1.939115689966548484E+00 
  1.944965268024380300E+00 
  1.949246530509167075E+00 
  1.951790750624453175E+00 
  1.952429243682677562E+00 
  1.951075025801014551E+00 
  1.947866568054310354E+00 
  1.942980128984868493E+00 
  1.936591967134994929E+00 
  1.928878341046993183E+00 
  1.920015509263166109E+00 
  1.910179730325820557E+00 
  1.899547262777258272E+00 
  1.888294365159786103E+00 
  1.876597296015707128E+00 
  1.864632313887323978E+00 
  1.852575677316944391E+00 
  1.840603644846869447E+00 
  1.828892475019406216E+00 
  1.817618426376857554E+00 
  1.806957757461526537E+00 
  1.797086726815720237E+00 
  1.788181592981740176E+00 
  1.780418614501893426E+00 
  1.773974049918482399E+00 
  1.769024157773811279E+00 
  1.765745196610185586E+00 
  1.764313424969908617E+00 
  1.765839389199069354E+00 
  1.771949970012272280E+00 
  1.781746044223101011E+00 
  1.794244813592186238E+00 
  1.808463479880165092E+00 
  1.823419244847666709E+00 
  1.838129310255326665E+00 
  1.851610877863780313E+00 
  1.862881149433657013E+00 
  1.870957326725593672E+00 
  1.874856611500221426E+00 
  1.874928819609481545E+00 
  1.874294434882726845E+00 
  1.873165352256781713E+00 
  1.871565078403025773E+00 
  1.869517119992839316E+00 
  1.867044983697601745E+00 
  1.864172176188693131E+00 
  1.860922204137493763E+00 
  1.857318574215382823E+00 
  1.853384793093741489E+00 
  1.849144367443948722E+00 
  1.844620803937384368E+00 
  1.839837609245428940E+00 
  1.834818290039461841E+00 
  1.829586352990863807E+00 
  1.824165304771014240E+00 
  1.818578652051292321E+00 
  1.812849901503079231E+00 
  1.807002559797753705E+00 
  1.801060133606697367E+00 
  1.795046129601289175E+00 
  1.788984054452907868E+00 
  1.782897414832935512E+00 
  1.776809717412750400E+00 
  1.770744468863733712E+00 
  1.764725175857264849E+00 
  1.758775345064722773E+00 
  1.752918483157489327E+00 
  1.747178096806942804E+00 
  1.741577692684464163E+00 
  1.736140777461433027E+00 
  1.730890857809228800E+00 
  1.725851440399232217E+00 
  1.721046031902822238E+00 
  1.716498138991380262E+00 
  1.712231268336285250E+00 
  1.708268926608916827E+00 
  1.704634620480655505E+00 
  1.701351856622880687E+00 
  1.698444141706973332E+00 
  1.695934982404312397E+00 
  1.693847885386278174E+00 
  1.692206357324250510E+00 
  1.691033904889609474E+00 
  1.690354034753734913E+00 
  1.690277137674546681E+00 
  1.693754411448788799E+00 
  1.701558715751577466E+00 
  1.712781964427920300E+00 
  1.726516071322820256E+00 
  1.741852950281284729E+00 
  1.757884515148322002E+00 
  1.773702679768933255E+00 
  1.788399357988128768E+00 
  1.801066463650910388E+00 
  1.810795910602286396E+00 
  1.816679612687263079E+00 
  1.818001899307096547E+00 
  1.817556766236107180E+00 
  1.816572407617604412E+00 
  1.815086426348904602E+00 
  1.813136425327322998E+00 
  1.810760007450176845E+00 
  1.807994775614781391E+00 
  1.804878332718453438E+00 
  1.801448281658508899E+00 
  1.797742225332263688E+00 
  1.793797766637034385E+00 
  1.789652508470136238E+00 
  1.785344053728886937E+00 
  1.780910005310601507E+00 
  1.776387966112595640E+00 
  1.771815539032186804E+00 
