    22 
  5.000000000000000000E+00 
  5.000000000000000000E-01 
  5.000000000000000000E+00 
  1.000000000000000000E+00 
  5.000000000000000000E+00 
  1.439999999999999858E+01 
  6.000000000000000000E+00 
  3.736456459038387301E+00 
  5.000000000000000000E-01 
  4.000000000000000777E-02 
  9.000000000000001776E+00 
  1.000000000000000000E+00 
  9.000000000000001776E+00 
  1.523363519539793458E+02 
  8.121969744033759042E-01 
  4.627784218567830621E+00 
  6.021978213142019365E-02 
  1.060299999999999585E+02 
  7.328022780978783457E-01 
  8.618432600567174640E-02 
  1.646137885504103116E-01 
  2.999999999999999556E+00 
