   635 
  1.485819854736328125E+02 
  1.485819854736328125E+02 
  1.485819854736328125E+02 
  1.485819854736328125E+02 
  1.485819854736328125E+02 
  1.485819854736328125E+02 
  1.485819854736328125E+02 
  1.485897431245652172E+02 
  1.486144718351071390E+02 
  1.486521027369825845E+02 
  1.486984399956115510E+02 
  1.487492877764140360E+02 
  1.488004502448100368E+02 
  1.488477315662194940E+02 
  1.488869359060624618E+02 
  1.489138674297588807E+02 
  1.489243303027287482E+02 
  1.488075436225218198E+02 
  1.484696718031398746E+02 
  1.479608194403589323E+02 
  1.473312907068111315E+02 
  1.466313897751282127E+02 
  1.459114208179424281E+02 
  1.452216880078855752E+02 
  1.446124955175896218E+02 
  1.441341475196866782E+02 
  1.438016126282589369E+02 
  1.435235085797497732E+02 
  1.432820788868740749E+02 
  1.430670395462891804E+02 
  1.428681065546524280E+02 
  1.426749959086210424E+02 
  1.424774236048523619E+02 
  1.422651056400037248E+02 
  1.420277580107323558E+02 
  1.417550967136956217E+02 
  1.414365410906629279E+02 
  1.410023886409592535E+02 
  1.404303857896503018E+02 
  1.397574449383763238E+02 
  1.390204784887778544E+02 
  1.382563988424950026E+02 
  1.375021184011683602E+02 
  1.367945495664381497E+02 
  1.361706047399445936E+02 
  1.356671963233282554E+02 
  1.353212367182293008E+02 
  1.351587868294956252E+02 
  1.350609153974051253E+02 
  1.349817263866825670E+02 
  1.349169758672605610E+02 
  1.348624199090715763E+02 
  1.348138145820482237E+02 
  1.347669159561230003E+02 
  1.347174801012284604E+02 
  1.346612630872971863E+02 
  1.345940209842616468E+02 
  1.345133395557708695E+02 
  1.344328429200755863E+02 
  1.343530978703898882E+02 
  1.342702171245378509E+02 
  1.341803134003434934E+02 
  1.340794994156309485E+02 
  1.339638878882242352E+02 
  1.338295915359474009E+02 
  1.336727230766245782E+02 
  1.334893952280797293E+02 
  1.332356291861857471E+02 
  1.325038228746994093E+02 
  1.313090066677911807E+02 
  1.298035897887179999E+02 
  1.281399814607360952E+02 
  1.264705909071025332E+02 
  1.249478273510736557E+02 
  1.237241000159059183E+02 
  1.229518181248562883E+02 
  1.227844687503856989E+02 
  1.233118893934008611E+02 
  1.243959201911214905E+02 
  1.258576382521808057E+02 
  1.275181206852113576E+02 
  1.291984445988465211E+02 
  1.307196871017187618E+02 
  1.319029253024613126E+02 
  1.327742926658912381E+02 
  1.336548508808846236E+02 
  1.345202377819960589E+02 
  1.353342264882540462E+02 
  1.360605901186875997E+02 
  1.366631017923255342E+02 
  1.371055346281965228E+02 
  1.373516617453294657E+02 
  1.373476379641690528E+02 
  1.369705304088315359E+02 
  1.362903407948933818E+02 
  1.354130418701171834E+02 
  1.344446063822651922E+02 
  1.334910070791000578E+02 
  1.326582167083840886E+02 
  1.320522080178796784E+02 
  1.317789537553493631E+02 
  1.318721030223022126E+02 
  1.322144555747130426E+02 
  1.327450330661178839E+02 
  1.334047770039257159E+02 
  1.341346288955460011E+02 
  1.348755302483880030E+02 
  1.355684225698610987E+02 
  1.361616160535118354E+02 
  1.367879386344800423E+02 
  1.374825480881267765E+02 
  1.381992894888035153E+02 
  1.388920079108618779E+02 
  1.395145484286535122E+02 
  1.400207561165296397E+02 
  1.403644760488419934E+02 
  1.404995532999420789E+02 
  1.404512762863643047E+02 
  1.403081309941144355E+02 
  1.400954176295952323E+02 
  1.398381880458299804E+02 
  1.395614940958418799E+02 
  1.392903876326541877E+02 
  1.390499205092901605E+02 
  1.388651445787731404E+02 
  1.387470930061893739E+02 
  1.386537783098171133E+02 
  1.385751188970805572E+02 
  1.385055627679017789E+02 
  1.384395579222028800E+02 
  1.383715523599059338E+02 
  1.382959940809330135E+02 
  1.382073310852062491E+02 
  1.381012159385684583E+02 
  1.379849934995098124E+02 
  1.378595807399027251E+02 
  1.377231806321538556E+02 
  1.375739961486698064E+02 
  1.374102302618571230E+02 
  1.372300859441226066E+02 
  1.370317661678727461E+02 
  1.368134739055142290E+02 
  1.365734121294536294E+02 
  1.362998024232959153E+02 
  1.358948962900238939E+02 
  1.353606455170724416E+02 
  1.347302552960966011E+02 
  1.340369308187513866E+02 
  1.333138772766916418E+02 
  1.325942998615727788E+02 
  1.319114037650496130E+02 
  1.312983941787772153E+02 
  1.307884762944105432E+02 
  1.304118730052088893E+02 
  1.301146323244775829E+02 
  1.298578898441093372E+02 
  1.296319691596204677E+02 
  1.294271938665272614E+02 
  1.292338875603459201E+02 
  1.290423738365928727E+02 
  1.288429762907843212E+02 
  1.286260185184365525E+02 
  1.283818241150658253E+02 
  1.281008044855174433E+02 
  1.277833684114194597E+02 
  1.274358070745924323E+02 
  1.270613559609236205E+02 
  1.266632505563002837E+02 
  1.262447263466095677E+02 
  1.258090188177389734E+02 
  1.253593634555756466E+02 
  1.248989957460068467E+02 
  1.244311511749198473E+02 
  1.239275878074889761E+02 
  1.232956523937609887E+02 
  1.225816072958003673E+02 
  1.218448920237436113E+02 
  1.211449460877272060E+02 
  1.205412089978875230E+02 
  1.200931202643613886E+02 
  1.198601193972851320E+02 
  1.201120961358364667E+02 
  1.215272462150358734E+02 
  1.238874449061835605E+02 
  1.268938024440905394E+02 
  1.302474290635698253E+02 
  1.336494349994338222E+02 
  1.368010224590400412E+02 
  1.403006487951935242E+02 
  1.445511097115765438E+02 
  1.490147806826705619E+02 
  1.531540371829570688E+02 
  1.564312546869182654E+02 
  1.583088086690336240E+02 
  1.587279704575705637E+02 
  1.589904230427553955E+02 
  1.592120290543868748E+02 
  1.593919023817987011E+02 
  1.595291569143245169E+02 
  1.596229065412980219E+02 
  1.596722651520529723E+02 
  1.596464201568032877E+02 
  1.593004007263993458E+02 
  1.586284140441223656E+02 
  1.576901533974841243E+02 
  1.565453120739965982E+02 
  1.552535833611716498E+02 
  1.538746605465207722E+02 
  1.524682369175567089E+02 
  1.510940057617909247E+02 
  1.498116603667353672E+02 
  1.486334213327006921E+02 
  1.474423781869461436E+02 
  1.462265751672236718E+02 
  1.449835079886819926E+02 
  1.437106723664701917E+02 
  1.424055640157373261E+02 
  1.410656786516321404E+02 
  1.396885119893044589E+02 
  1.382715597439029409E+02 
  1.368119760291816647E+02 
  1.352376222326929565E+02 
  1.335267692285237331E+02 
  1.317249016211073638E+02 
  1.298775040148757967E+02 
  1.280300610142614062E+02 
  1.262280572236966520E+02 
  1.245169772476134256E+02 
  1.229423056904451244E+02 
  1.215435646498807643E+02 
  1.201348220904201298E+02 
  1.186643622763714632E+02 
  1.172075595309026852E+02 
  1.158397881771829816E+02 
  1.146364225383802591E+02 
  1.136728369376628365E+02 
  1.130244056981990468E+02 
  1.127665031431572089E+02 
  1.127847732770345885E+02 
  1.128469622252248428E+02 
  1.129449519683994652E+02 
  1.130719714993337703E+02 
  1.132212498108030871E+02 
  1.133860158955826449E+02 
  1.135594987464477867E+02 
  1.137404817040466440E+02 
  1.140236754835491553E+02 
  1.144050590378354002E+02 
  1.148313751764273718E+02 
  1.152493667088473899E+02 
  1.156057764446176321E+02 
  1.158473471932603474E+02 
  1.159224296717819982E+02 
  1.159074315929861712E+02 
  1.158744936346184460E+02 
  1.158314498052255033E+02 
  1.157861341133540094E+02 
  1.157463805675506592E+02 
  1.157200231763621474E+02 
  1.157147037005970844E+02 
  1.157316889766158141E+02 
  1.157666302981237578E+02 
  1.158153195644037226E+02 
  1.158735486747384158E+02 
  1.159371095284106161E+02 
  1.160017940247030879E+02 
  1.160749172077003522E+02 
  1.161742845025979847E+02 
  1.162885426216779194E+02 
  1.164052374514830035E+02 
  1.165119148785560554E+02 
  1.165961207894399081E+02 
  1.166485292871810202E+02 
  1.166818788478530848E+02 
  1.167059805108454640E+02 
  1.167287625361031758E+02 
  1.167581531835712383E+02 
  1.168020807131946555E+02 
  1.169159599373435299E+02 
  1.173401822185035570E+02 
  1.180220392093549435E+02 
  1.188606325384578923E+02 
  1.197550638343728053E+02 
  1.206044347256593454E+02 
  1.213769324796425906E+02 
  1.221952627986805027E+02 
  1.230422423358274244E+02 
  1.238912096364575604E+02 
  1.247155032459443618E+02 
  1.254893941262219528E+02 
  1.262405882290370016E+02 
  1.269817798628513543E+02 
  1.276970113130644080E+02 
  1.283703248650749345E+02 
  1.289857628042823308E+02 
  1.295426211088808941E+02 
  1.300783832260660233E+02 
  1.305834801697265561E+02 
  1.310439612624345784E+02 
  1.314458758267627161E+02 
  1.317754890565783512E+02 
  1.320430743738429271E+02 
  1.322715638744878390E+02 
  1.324760259734293584E+02 
  1.326715290855840692E+02 
  1.328731416258684703E+02 
  1.330822221656167983E+02 
  1.332642482784365257E+02 
  1.334394779176935231E+02 
  1.336340538213919444E+02 
  1.338741187275358300E+02 
  1.341866132337996191E+02 
  1.347530681037361546E+02 
  1.356119970945091495E+02 
  1.366394473034446548E+02 
  1.377114658278684658E+02 
  1.387040997651065197E+02 
  1.395339002788367111E+02 
  1.403520400969345872E+02 
  1.411571068659774824E+02 
  1.419107509697948615E+02 
  1.425746227922163030E+02 
  1.431103727170714421E+02 
  1.435487445493056384E+02 
  1.439780281823407790E+02 
  1.443666101124644570E+02 
  1.446803881676035815E+02 
  1.448852601756851755E+02 
  1.449474699189527485E+02 
  1.448724221859035595E+02 
  1.446879787690016030E+02 
  1.444098223746607061E+02 
  1.440536357092945821E+02 
  1.436351014793173135E+02 
  1.431354521588976922E+02 
  1.416724625058268145E+02 
  1.390394365893714337E+02 
  1.354864988292228531E+02 
  1.312637736450755881E+02 
  1.266213854566210557E+02 
  1.218094586835517248E+02 
  1.170781177455599504E+02 
  1.126774870623369509E+02 
  1.088576910535776960E+02 
  1.058688541389732620E+02 
  1.039611007382160324E+02 
  1.033995152117394269E+02 
  1.056048899037696174E+02 
  1.105057724483432224E+02 
  1.168535297512702016E+02 
  1.233995287183603438E+02 
  1.288951362554234947E+02 
  1.329757751392301088E+02 
  1.370866449271253202E+02 
  1.409860334868029668E+02 
  1.443333242781191075E+02 
  1.467879007609299151E+02 
  1.480380607157603947E+02 
  1.487751851468788686E+02 
  1.494109684491216115E+02 
  1.499290647587771446E+02 
  1.503131282121339609E+02 
  1.505468129454805819E+02 
  1.506145153100418383E+02 
  1.505686752537591815E+02 
  1.504593448797354540E+02 
  1.503005862738490634E+02 
  1.501064615219783889E+02 
  1.498910327100019799E+02 
  1.496683619237981588E+02 
  1.494525112492453900E+02 
  1.492575427722220809E+02 
  1.490975185786065822E+02 
  1.489865007542774435E+02 
  1.489385513851130440E+02 
  1.489822275451479641E+02 
  1.491351854062551752E+02 
  1.493742412410709335E+02 
  1.496756180245501184E+02 
  1.500155387316478084E+02 
  1.503702263373189965E+02 
  1.507159038165187042E+02 
  1.510287941442020099E+02 
  1.512851202953237646E+02 
  1.514611052448390467E+02 
  1.515428833874607335E+02 
  1.516018625188689839E+02 
  1.516566739613397203E+02 
  1.517067723817006879E+02 
  1.517516124467796317E+02 
  1.517906488234043536E+02 
  1.518233361784026556E+02 
  1.518491291786022543E+02 
  1.518674824908309802E+02 
  1.518778507819165782E+02 
  1.518794148712997298E+02 
  1.518674746444925461E+02 
  1.518413041893656441E+02 
  1.518019530459355622E+02 
  1.517504707542187816E+02 
  1.516879068542318123E+02 
  1.516153108859911072E+02 
  1.515337323895131476E+02 
  1.514442209048144719E+02 
  1.513478259719115897E+02 
  1.512455971308209541E+02 
  1.511385839215590465E+02 
  1.509951187046547432E+02 
  1.507476627546604675E+02 
  1.504157073267002716E+02 
  1.500226113070873737E+02 
  1.495917335821350207E+02 
  1.491464330381563741E+02 
  1.487100685614649080E+02 
  1.483059990383737556E+02 
  1.479575833551961637E+02 
  1.476881803982454073E+02 
  1.475211490538346766E+02 
  1.474860422358005962E+02 
  1.477843161173611009E+02 
  1.484405186567940973E+02 
  1.493684019847327420E+02 
  1.504817182318105040E+02 
  1.516942195286598576E+02 
  1.529196580059142434E+02 
  1.540717857942067610E+02 
  1.550643550241705668E+02 
  1.558111178264389594E+02 
  1.562258263316446119E+02 
  1.561500605377476347E+02 
  1.551737445554153112E+02 
  1.534175372547959455E+02 
  1.510864035027184968E+02 
  1.483853081660140845E+02 
  1.455192161115117528E+02 
  1.426930922060412570E+02 
  1.401119013164322382E+02 
  1.379806083095139400E+02 
  1.365041780521172541E+02 
  1.358875754110712251E+02 
  1.359199456107631363E+02 
  1.360437369335033679E+02 
  1.362316457289813059E+02 
  1.364622638259989174E+02 
  1.367141830533583970E+02 
  1.369659952398618827E+02 
  1.371962922143115406E+02 
  1.373836658055095086E+02 
  1.375067078422578390E+02 
  1.375442257817226164E+02 
  1.375004530625723476E+02 
  1.373968414319460294E+02 
  1.372478797303947147E+02 
  1.370680567984695983E+02 
  1.368718614767217332E+02 
  1.366737826057022289E+02 
  1.364883090259621952E+02 
  1.363299295780526563E+02 
  1.362131331025248357E+02 
  1.361524084399297578E+02 
  1.361522836811907951E+02 
  1.361804895161513684E+02 
  1.362285048366622391E+02 
  1.362910751372723723E+02 
  1.363629459125307619E+02 
  1.364388626569864016E+02 
  1.365135708651883135E+02 
  1.365818160316855483E+02 
  1.366383436510270144E+02 
  1.366778992177617340E+02 
  1.366952282264387577E+02 
  1.366931382393694037E+02 
  1.366839538506095550E+02 
  1.366681517127967709E+02 
  1.366459392816113052E+02 
  1.366175240127334689E+02 
  1.365831133618435729E+02 
  1.365429147846218427E+02 
  1.364971357367486178E+02 
  1.364459836739041521E+02 
  1.363896660517687849E+02 
  1.363283903260227419E+02 
  1.362623639523463339E+02 
  1.361025213330571546E+02 
  1.357662222304569752E+02 
  1.352935946479367715E+02 
  1.347250306262412778E+02 
  1.341009222061150297E+02 
  1.334616614283030742E+02 
  1.328476403335500038E+02 
  1.322992509626005528E+02 
  1.318568853561993706E+02 
  1.315609355550911914E+02 
  1.314517936000208636E+02 
  1.314719585148932310E+02 
  1.315277017268955149E+02 
  1.316105250116339107E+02 
  1.317119393180939824E+02 
  1.318234555952612652E+02 
  1.319365847921212946E+02 
  1.320428378576596060E+02 
  1.321337257408617631E+02 
  1.322007593907132730E+02 
  1.322354497561996993E+02 
  1.322147658056361195E+02 
  1.320911033306413742E+02 
  1.318831864848362159E+02 
  1.316155078178748283E+02 
  1.313125598794114524E+02 
  1.309988352191002718E+02 
  1.306988263865954139E+02 
  1.304370259315510907E+02 
  1.302379264036213726E+02 
  1.301260203524606140E+02 
  1.301471835505156491E+02 
  1.304275380139792446E+02 
  1.309321565709189201E+02 
  1.315992053846948693E+02 
  1.323668506186666320E+02 
  1.331732584361944021E+02 
  1.339565950006381456E+02 
  1.346550264753578290E+02 
  1.352067190237135605E+02 
  1.355498388090649939E+02 
  1.357177261014689122E+02 
  1.358711476366017621E+02 
  1.360133812290392825E+02 
  1.361428304424723592E+02 
  1.362578988405917073E+02 
  1.363569899870882125E+02 
  1.364385074456526468E+02 
  1.365008547799758674E+02 
  1.365424355537486747E+02 
  1.365616533306618692E+02 
  1.364442454284736357E+02 
  1.359012032069695124E+02 
  1.350125125586465629E+02 
  1.338825989900961986E+02 
  1.326158880079109110E+02 
  1.313168051186821685E+02 
  1.300897758290017521E+02 
  1.290392256454614142E+02 
  1.282695800746527937E+02 
  1.278852646231681121E+02 
  1.279696418393647832E+02 
  1.284651807218128852E+02 
  1.292678450277249738E+02 
  1.302745260310788353E+02 
  1.313821150058513183E+02 
  1.324875032260202090E+02 
  1.334875819655629812E+02 
  1.342792424984571085E+02 
  1.348043702173539202E+02 
  1.352847992210835457E+02 
  1.357543722806100561E+02 
  1.361980977105869215E+02 
  1.366009838256676403E+02 
  1.369480389405057963E+02 
  1.372242713697546606E+02 
  1.374146894280678737E+02 
  1.375043014300989341E+02 
  1.375060463504869404E+02 
  1.374909937414944636E+02 
  1.374646684246567929E+02 
  1.374281609130779316E+02 
  1.373825617198619682E+02 
  1.373289613581129345E+02 
  1.372684503409348338E+02 
  1.372021191814317831E+02 
  1.371310583927078142E+02 
  1.370563584878669303E+02 
  1.369707470575374657E+02 
  1.368422001521831533E+02 
  1.366736131227463886E+02 
  1.364720882658699281E+02 
  1.362447278781965281E+02 
  1.359986342563689732E+02 
  1.357409096970299061E+02 
  1.354786564968223104E+02 
  1.352189769523888572E+02 
  1.349689733603723027E+02 
  1.347357480174154603E+02 
  1.345264032201610007E+02 
  1.343335097788954045E+02 
  1.341373044348703161E+02 
  1.339402059377642615E+02 
  1.337450040458074341E+02 
  1.335544885172298564E+02 
  1.333714491102618638E+02 
  1.331986755831335358E+02 
  1.330389576940749805E+02 
  1.328950852013164194E+02 
  1.327698478630879322E+02 
  1.326654082526800380E+02 
  1.325772895528592130E+02 
  1.325015272460705660E+02 
  1.324350227344282018E+02 
  1.323746774200461687E+02 
  1.323173927050384862E+02 
  1.322600699915192877E+02 
  1.321996106816025645E+02 
  1.321329161774023930E+02 
  1.320568878810328215E+02 
  1.319684271946079548E+02 
  1.318642501804554854E+02 
  1.317414697196294071E+02 
  1.316008090973974447E+02 
  1.314434552894417720E+02 
  1.312705952714447903E+02 
  1.310834160190887872E+02 
  1.308831045080560216E+02 
  1.306708477140287812E+02 
  1.304478326126893251E+02 
  1.302152461797200544E+02 
  1.299742753908032284E+02 
  1.297261072216211062E+02 
  1.294306834244454762E+02 
  1.290481752605927852E+02 
  1.286036630194565760E+02 
  1.281225647100104652E+02 
  1.276302983412281975E+02 
  1.271522819220834606E+02 
  1.267139334615498711E+02 
  1.263406709686013727E+02 
  1.260579124522115819E+02 
  1.258910759213542008E+02 
  1.258662097495367078E+02 
  1.259992068845466378E+02 
  1.262619947470696644E+02 
  1.266193665692686636E+02 
  1.270361155833065112E+02 
  1.274770350213460972E+02 
  1.279069181155503969E+02 
  1.282905580980820730E+02 
  1.285927482011040865E+02 
