   751 
  5.434727396869940108E+00 
  5.422626283476970066E+00 
  5.411459563536534567E+00 
  5.401181878143170856E+00 
  5.391747868391412624E+00 
  5.383112175375798891E+00 
  5.363414087902315330E+00 
  5.346247027353652648E+00 
  5.331429558107958933E+00 
  5.318780244543384939E+00 
  5.308117651038080531E+00 
  5.299260341970194688E+00 
  5.292026881717872833E+00 
  5.286235834659267496E+00 
  5.281705765172526768E+00 
  5.278255237635798736E+00 
  5.276859736003661538E+00 
  5.283401465693157384E+00 
  5.302580193087876204E+00 
  5.337070426245593247E+00 
  5.387521414898203354E+00 
  5.452557150451792900E+00 
  5.528776365986593611E+00 
  5.610752536257005652E+00 
  5.685267726577705183E+00 
  5.725678790457662259E+00 
  5.711960412112253138E+00 
  5.628179760525762632E+00 
  5.468585649947218741E+00 
  5.238451359182729306E+00 
  4.954074631595726252E+00 
  4.642648859466577349E+00 
  4.325147241147967669E+00 
  4.014364361781082913E+00 
  3.729747837301242264E+00 
  3.503032116803809881E+00 
  3.357038520455739583E+00 
  3.304450783546954540E+00 
  3.347815056490490715E+00 
  3.479539904822542162E+00 
  3.681896309202162598E+00 
  3.927146481051718929E+00 
  4.194659705401464933E+00 
  4.472870760173384141E+00 
  4.750214423289454757E+00 
  5.015125472671655871E+00 
  5.256031744451327370E+00 
  5.459199978881922100E+00 
  5.612456947400255913E+00 
  5.708415317587793858E+00 
  5.744473653170855343E+00 
  5.722816414020390319E+00 
  5.650413956152130268E+00 
  5.539022531726497611E+00 
  5.405048924335422278E+00 
  5.261195941581437552E+00 
  5.116863280924683011E+00 
  4.984135117325811493E+00 
  4.874058976184686642E+00 
  4.793419868379082516E+00 
  4.744740290264576110E+00 
  4.726280223674661052E+00 
  4.731658037397158623E+00 
  4.739236044633806877E+00 
  4.722829364856077738E+00 
  4.666800101029826564E+00 
  4.565663415558714355E+00 
  4.420254096728728932E+00 
  4.237726558708112101E+00 
  4.031554841547357881E+00 
  3.821475042778827547E+00 
  3.628755163626833369E+00 
  3.469951786752946354E+00 
  3.367088496998357439E+00 
  3.337082384241258914E+00 
  3.385004373593029747E+00 
  3.504079225398517572E+00 
  3.675685535235847290E+00 
  3.874230164923678110E+00 
  4.075305653446537946E+00 
  4.252617009592564834E+00 
  4.382668116444201623E+00 
  4.451384152156466989E+00 
  4.454547611755019787E+00 
  4.397798307136113749E+00 
  4.296654457600973309E+00 
  4.175955526677446628E+00 
  4.064241897944845583E+00 
  3.987267665321334587E+00 
  3.959843222138636154E+00 
  3.988966036904575851E+00 
  4.073864402602408674E+00 
  4.205997436690677382E+00 
  4.369055081103304872E+00 
  4.547015403936745415E+00 
  4.726938572886718148E+00 
  4.892874248724662145E+00 
  5.031481909473017211E+00 
  5.133643629110617113E+00 
  5.194464077572651384E+00 
  5.213270520750808323E+00 
  5.193612820493113347E+00 
  5.143263434604042672E+00 
  5.074217416844446049E+00 
  4.994635115244404844E+00 
  4.906027108132310133E+00 
  4.809903973836533453E+00 
  4.707776290685456111E+00 
  4.601154637007455861E+00 
  4.491549591130906904E+00 
  4.380471731384188772E+00 
  4.269431636095680105E+00 
  4.159939883593759546E+00 
  4.053507052206800410E+00 
  3.951643720263189330E+00 
  3.855860466091296068E+00 
  3.767667868019502375E+00 
  3.688576504376182008E+00 
  3.620100018452107715E+00 
  3.564966252821940795E+00 
  3.526416507366228359E+00 
  3.506994099677440690E+00 
  3.508544365059924619E+00 
  3.532214656529940378E+00 
  3.578454344815670929E+00 
  3.647014818357148247E+00 
  3.736949483306344355E+00 
  3.846613763527101160E+00 
  3.973662035632779865E+00 
  4.113836494664782961E+00 
  4.261667896070465034E+00 
  4.411686995297197988E+00 
  4.558424547792357728E+00 
  4.696411309003314827E+00 
  4.820053529195574171E+00 
  4.917800595031790678E+00 
  4.978045592402230213E+00 
  4.993662932395823262E+00 
  4.962008351300091213E+00 
  4.884918910601119713E+00 
  4.768712996983714092E+00 
  4.624190322331232395E+00 
  4.466956391525215508E+00 
  4.324875812681004739E+00 
  4.224705665951819178E+00 
  4.191434306334767435E+00 
  4.242380800840491517E+00 
  4.382657302522024345E+00 
  4.605169050474935410E+00 
  4.890614369837342323E+00 
  5.207225532792149281E+00 
  5.512258239815584382E+00 
  5.766367704188962939E+00 
  5.929108399038652166E+00 
  5.972425193713753799E+00 
  5.887146909401413275E+00 
  5.682986319126337449E+00 
  5.388540147751131215E+00 
  5.041415897339247110E+00 
  4.664295543736441729E+00 
  4.286562077473512922E+00 
  3.944461605357658218E+00 
  3.666402798161091603E+00 
  3.470003833345465694E+00 
  3.362092395061966776E+00 
  3.338705674151006608E+00 
  3.385090368142557260E+00 
  3.475702681255943283E+00 
  3.584081499036793073E+00 
  3.706784691775611318E+00 
  3.842021712602638139E+00 
  3.988002014648134086E+00 
  4.142935051042352157E+00 
  4.305030274915544908E+00 
  4.472497139397978216E+00 
  4.643545097619899309E+00 
  4.816383602711566070E+00 
  4.989222107803231943E+00 
  5.160270066025154811E+00 
  5.327736930507586344E+00 
  5.489832154380787088E+00 
  5.644765190775006047E+00 
  5.790745492820505547E+00 
  5.925982513647542582E+00 
  6.048685706386358163E+00 
  6.157064524167220831E+00 
  6.249210388736953448E+00 
  6.321513488054853802E+00 
  6.370246439576190411E+00 
  6.392253597386763353E+00 
  6.384951052203001964E+00 
  6.346326631371848492E+00 
  6.274939898870850463E+00 
  6.169922155308102063E+00 
  6.030976437922222821E+00 
  5.858377520582474851E+00 
  5.653089945172057540E+00 
  5.418351223992310395E+00 
  5.158088176479141751E+00 
  4.876227622068437739E+00 
  4.576696380196136893E+00 
  4.263421270298140442E+00 
  3.940329111810366491E+00 
  3.611346724168725153E+00 
  3.280400926809124762E+00 
  2.951418539167479427E+00 
  2.628326380679703256E+00 
  2.315051270781703252E+00 
  2.015520028909388195E+00 
  1.733659474498689734E+00 
  1.473396426985499330E+00 
  1.238657705805741971E+00 
  1.033370130395314224E+00 
  8.610161950520517360E-01 
  7.234998345536425290E-01 
  6.220484396065206756E-01 
  5.572854076872033602E-01 
  5.292301430421890718E-01 
  5.372980566880212194E-01 
  5.803005664113044526E-01 
  6.564450967685864224E-01 
  7.633350790864970037E-01 
  8.979699514616523714E-01 
  1.057189483898782978E+00 
  1.238808012692857785E+00 
  1.440712424979990747E+00 
  1.660789607896331344E+00 
  1.896926448578010405E+00 
  2.147009834161168307E+00 
  2.408926651781956529E+00 
  2.680563788576502127E+00 
  2.959808131680948584E+00 
  3.244546568231432282E+00 
  3.532665985364093153E+00 
  3.822053270215072018E+00 
  4.110595309920507034E+00 
  4.396178991616535470E+00 
  4.676691202439300810E+00 
  4.950018829524942099E+00 
  5.214048760009589500E+00 
  5.466667881029391829E+00 
  5.705763079720481024E+00 
  5.929221243219004123E+00 
  6.134929258661102836E+00 
  6.320774013182894890E+00 
  6.484642393920540648E+00 
  6.624426900484294833E+00 
  6.738778044933349420E+00 
  6.827211605272381689E+00 
  6.889718105796442060E+00 
  6.926762817091021596E+00 
  6.939285756031972952E+00 
  6.928701685785566333E+00 
  6.896900115808451304E+00 
  6.846245301847657672E+00 
  6.779576245940648782E+00 
  6.700201083941122349E+00 
  6.611144685544279476E+00 
  6.515041400790204662E+00 
  6.414525579718978854E+00 
  6.312231572370694543E+00 
  6.210793728785441559E+00 
  6.112846399003299958E+00 
  6.021023933064357792E+00 
  5.937960681008711106E+00 
  5.866472098713677141E+00 
  5.809901380361162992E+00 
  5.770826587453920631E+00 
  5.750908452834318396E+00 
  5.750890380684341885E+00 
  5.770598446525535330E+00 
  5.808941397219074432E+00 
  5.863910650965715732E+00 
  5.932580297305828587E+00 
  6.011107097119388953E+00 
  6.094549376788712891E+00 
  6.176520395731157187E+00 
  6.246532705505655869E+00 
  6.290286977423340531E+00 
  6.296654591251555466E+00 
  6.257731756991280925E+00 
  6.168839514876966135E+00 
  6.028523735376660753E+00 
  5.838555119191924270E+00 
  5.603929197257810024E+00 
  5.332866330743014416E+00 
  5.036811711049709928E+00 
  4.734383871690792667E+00 
  4.457332201763998469E+00 
  4.253690157710925845E+00 
  4.154070497659896333E+00 
  4.168405287361269806E+00 
  4.285945900187189572E+00 
  4.475263017131782206E+00 
  4.698325121035895613E+00 
  4.936064133072463278E+00 
  5.169123264707709886E+00 
  5.551551836247620386E+00 
  6.519956534646903279E+00 
  7.928335727225944929E+00 
  9.665043779583784911E+00 
  1.165251516885620475E+01 
  1.384436954935758557E+01 
  1.622304158079496617E+01 
  1.878376190151172764E+01 
  2.150740271834057182E+01 
  2.437842917678725030E+01 
  2.721013955565003783E+01 
  2.952854792663526240E+01 
  3.142670015815399509E+01 
  3.298077576412207179E+01 
  3.425314525533638488E+01 
  3.529487328707180183E+01 
  3.614776806299703082E+01 
  3.684605924518647413E+01 
  3.741777171064818219E+01 
  3.788585028803969124E+01 
  3.826908061420714091E+01 
  3.858284306775256312E+01 
  3.883973003763136234E+01 
  3.905005129993615753E+01 
  3.922224778541128387E+01 
  3.936323034364171747E+01 
  3.947865709971257786E+01 
  3.957316053463581795E+01 
  3.965053340307897400E+01 
  3.971388094992725115E+01 
  3.976574553466398498E+01 
  3.980820866518356382E+01 
  3.984297453601190853E+01 
  3.987143842361660973E+01 
  3.989474268375073507E+01 
  3.991382259820026945E+01 
  3.992944391092620293E+01 
  3.994223356005837644E+01 
  3.995270483912396031E+01 
  3.996127799731901575E+01 
  3.996829710558431259E+01 
  3.997404386538028831E+01 
  3.997874891435581191E+01 
  3.998260108264680923E+01 
  3.998575497129267831E+01 
  3.998833715691883839E+01 
  3.999045127170113290E+01 
  3.999218216248893043E+01 
  3.999359929600711894E+01 
  3.999475954679967771E+01 
  3.999570947980483027E+01 
  3.999648721916950933E+01 
  3.999712397830526101E+01 
  3.999764531259199885E+01 
  3.999807214500518882E+01 
  3.999842160582826978E+01 
  3.999870772015113118E+01 
  3.999894197074613800E+01 
  3.999913375891220824E+01 
  3.999929078178185193E+01 
  3.999941934123415166E+01 
  3.999952459681135508E+01 
  3.999961077278934596E+01 
  3.999968132771270035E+01 
  3.999973909319824372E+01 
  3.999978638757771421E+01 
  3.999982510894063381E+01 
  3.999985681131126114E+01 
  3.999988276701704137E+01 
  3.999990401775157522E+01 
  3.999992141638146137E+01 
  3.999993566117481691E+01 
  3.999994732382521079E+01 
  3.999995687239574238E+01 
  3.999996469010408617E+01 
  3.999997109070233137E+01 
  3.999997633106894313E+01 
  3.999998062151824740E+01 
  3.999998413424104626E+01 
  3.999998701021522862E+01 
  3.999998936486372969E+01 
  3.999999129268687170E+01 
  3.999999287105497103E+01 
  3.999999416331346680E+01 
  3.999999522132523566E+01 
  3.999999608755201308E+01 
  3.999999679675850928E+01 
  3.999999737740768779E+01 
  3.999999785280301978E+01 
  3.999999824202379983E+01 
  3.999999856069082682E+01 
  3.999999882159331577E+01 
  3.999999903520220812E+01 
  3.999999921009037962E+01 
  3.999999935327669931E+01 
  3.999999947050774551E+01 
  3.999999956648840538E+01 
  3.999999964507073003E+01 
  3.999999970940848470E+01 
  3.999999976208378882E+01 
  3.999999980521069176E+01 
  3.999999984051999746E+01 
  3.999999986942881236E+01 
  3.999999989309735327E+01 
  3.999999991247552344E+01 
  3.999999992834101192E+01 
  3.999999994133058578E+01 
  3.999999995196554892E+01 
  3.999999996067271724E+01 
  3.999999996780154277E+01 
  3.999999997363813975E+01 
  3.999999997841673149E+01 
  3.999999998232911480E+01 
  3.999999998553230540E+01 
  3.999999998815484759E+01 
  3.999999999030201536E+01 
  3.999999999205995493E+01 
  3.999999999349923741E+01 
  3.999999999467762279E+01 
  3.999999999564240483E+01 
  3.999999999643230097E+01 
  3.999999999707902276E+01 
  3.999999999760850500E+01 
  3.999999999804200712E+01 
  3.999999999839693743E+01 
  3.999999999868752099E+01 
  3.999999999892543201E+01 
  3.999999999912022020E+01 
  3.999999999927969441E+01 
  3.999999999941026374E+01 
  3.999999999951716489E+01 
  3.999999999960468955E+01 
  3.999999999967634778E+01 
  3.999999999973501019E+01 
  3.999999999978304288E+01 
  3.999999999982237853E+01 
  3.999999999985457322E+01 
  3.999999999988093435E+01 
  3.999999999990252064E+01 
  3.999999999992018473E+01 
  3.999999999993465849E+01 
  3.999999999994649613E+01 
  3.999999999995619504E+01 
  3.999999999996414601E+01 
  3.999999999997063327E+01 
  3.999999999997596944E+01 
  3.999999999998031797E+01 
  3.999999999998389200E+01 
  3.999999999998681233E+01 
  3.607258716894518358E+01 
  3.212855382613418698E+01 
  2.817047375809965004E+01 
  2.420121829896490695E+01 
  2.022395633043085894E+01 
  1.624215428177592457E+01 
  1.226002207584310177E+01 
  8.288571578988856103E+00 
  4.339806795710062559E+00 
  4.241417961330967157E-01 
  4.778135470579567001E-01 
  5.972639305950544486E-01 
  7.855634272137119734E-01 
  1.043895035435349117E+00 
  1.371554271833244076E+00 
  1.765949171032811460E+00 
  2.222154339724357719E+00 
  2.726852506714313229E+00 
  3.264144328298319131E+00 
  3.818130460771939738E+00 
  4.372911560430781108E+00 
  4.912588283570452852E+00 
  5.421261286486563691E+00 
  5.883031225474664616E+00 
  6.281388798789221184E+00 
  6.599297633299275212E+00 
  6.823968356359448428E+00 
  6.947253471640993716E+00 
  6.965647359131731164E+00 
  6.880286275136394458E+00 
  6.696948352276234750E+00 
  6.426053599489284451E+00 
  6.082663902030209790E+00 
  5.686483021470297494E+00 
  5.262466553738832431E+00 
  4.840739042467046893E+00 
  4.450574636571776210E+00 
  4.112676643716227431E+00 
  3.841083407234853642E+00 
  3.643798234531563374E+00 
  3.522789397079985285E+00 
  3.473990130423273204E+00 
  3.487298634174231804E+00 
  3.546578072015323269E+00 
  3.634195049203828631E+00 
  3.733229846385445860E+00 
  3.825288329541187693E+00 
  3.897827520695444914E+00 
  3.942249720991148898E+00 
  3.953272582291427195E+00 
  3.928929107179493396E+00 
  3.870567648958730622E+00 
  3.782851911652636456E+00 
  3.673760950004818060E+00 
  3.550050691973742012E+00 
  3.415043704919236145E+00 
  3.272062556201134953E+00 
  3.124429813179268489E+00 
  2.975468043213467251E+00 
  2.828499813663564844E+00 
  2.686847691889393541E+00 
  2.553834245250782509E+00 
  2.432782041107561355E+00 
  2.327021737140133162E+00 
  2.239963886926237269E+00 
  2.174452118415740820E+00 
  2.132550540054639399E+00 
  2.115543740785090332E+00 
  2.123936790045431344E+00 
  2.157455237770093071E+00 
  2.215045114389702086E+00 
  2.294872930831005409E+00 
  2.394325678516918465E+00 
  2.510002739045970266E+00 
  2.637644078615430487E+00 
  2.772777069546646711E+00 
  2.910929084160958080E+00 
  3.047627494779707735E+00 
  3.178399673724231267E+00 
  3.298772993315876256E+00 
  3.400840507271396973E+00 
  3.454683413164671091E+00 
  3.434311026302081959E+00 
  3.323271999743464100E+00 
  3.114654324302427391E+00 
  2.811085328545991580E+00 
  2.424731678794851408E+00 
  1.977299379123202971E+00 
  1.500033771358789902E+00 
  1.023542155410908538E+00 
  5.675681989677950900E-01 
  1.723330567983953898E-01 
 -1.271281502055998658E-01 
 -3.065775550506522618E-01 
 -3.525745446418085405E-01 
 -2.624757597822163779E-01 
 -4.443509517348509519E-02 
  2.825963005845540943E-01 
  6.888700249938359832E-01 
  1.144017801329888728E+00 
  1.630711387549220515E+00 
  2.131898994525727176E+00 
  2.630528833133329858E+00 
  3.109549114245915735E+00 
  3.551908048737418166E+00 
  3.935037016587128456E+00 
  4.204196897635238628E+00 
  4.319600326191033624E+00 
  4.265884276676958464E+00 
  4.052110063629212000E+00 
  3.711763341697095875E+00 
  3.302428548034678890E+00 
  2.862998936534336458E+00 
  2.410263607977440881E+00 
  1.962131579078440380E+00 
  1.543148613379417000E+00 
  1.211150890494632204E+00 
  1.010142751502283831E+00 
  9.608241133004391532E-01 
  1.060590468606495751E+00 
  1.283532885957772818E+00 
  1.580763567319876328E+00 
  1.923205813853141821E+00 
  2.305006995761992972E+00 
  2.720314483250764859E+00 
  3.163275646523854512E+00 
  3.628037855785628096E+00 
  4.108748481240466432E+00 
  4.599554893092760999E+00 
  5.094604461546880181E+00 
  5.588044556807203023E+00 
  6.074022549078113897E+00 
  6.546685808563994513E+00 
  7.000181705469200821E+00 
  7.428657609998137623E+00 
  7.826260892355165311E+00 
  8.187138922744681580E+00 
  8.505439071371071691E+00 
  8.765968955148498054E+00 
  8.901108313945247374E+00 
  8.874065145348646766E+00 
  8.695205219502209815E+00 
  8.422052079105371902E+00 
  8.117461563320382822E+00 
  7.791931369372960603E+00 
  7.454895566853015687E+00 
  7.115850513123737286E+00 
  6.784354853321575618E+00 
  6.479369273646428340E+00 
  6.272344625117403538E+00 
  6.203965788807801474E+00 
  6.267822161008005821E+00 
  6.410407653225746571E+00 
  6.572946168279190537E+00 
  6.749082038696324837E+00 
  6.933585512414199847E+00 
  7.121226837369849072E+00 
  7.306776261500319336E+00 
  7.485004032742639701E+00 
  7.650680399033861434E+00 
  7.798575608311014484E+00 
  7.924103606726708549E+00 
  8.023941714463077801E+00 
  8.095529865272485637E+00 
  8.137069140524912925E+00 
  8.147521769207852316E+00 
  8.126611127926379297E+00 
  8.074821740903109557E+00 
  7.993399279978183003E+00 
  7.884350564609353462E+00 
  7.750443561871890097E+00 
  7.594563688243084698E+00 
  7.419094133788232348E+00 
  7.226416622619902697E+00 
  7.018912878850708026E+00 
  6.798964626593227756E+00 
  6.568953589960058181E+00 
  6.331261493063789381E+00 
  6.088270060017002550E+00 
  5.842361014932295760E+00 
  5.595916081922254648E+00 
  5.351316985099470180E+00 
  5.110945448576527994E+00 
  4.877183196466029713E+00 
  4.652411952880553869E+00 
  4.439013441932695869E+00 
  4.239369387735038686E+00 
  4.055861514400171508E+00 
  3.890871546040703954E+00 
  3.746781206769203010E+00 
  3.632082683629539677E+00 
  3.574910642652208814E+00 
  3.593618109493056156E+00 
  3.693718313564072098E+00 
  3.867884688033102147E+00 
  4.095950869824160456E+00 
  4.345762083181076818E+00 
  4.594931385353030251E+00 
  4.829387113559937106E+00 
  5.037106221622156710E+00 
  5.202003817029152266E+00 
  5.290401144884174123E+00 
  5.280449707265523429E+00 
  5.165189419095732148E+00 
  4.952548608141933428E+00 
  4.665344015015461920E+00 
  4.340429409608254296E+00 
  4.006939345407299236E+00 
  3.687741712529247984E+00 
  3.422277895789336277E+00 
  3.253796997057918361E+00 
  3.206399451739893713E+00 
  3.285037028774866030E+00 
  3.475512830637214279E+00 
  3.744481293335711225E+00 
  4.050396668510946263E+00 
  4.378321510127717531E+00 
  4.714728842263875563E+00 
  5.044690082958354083E+00 
  5.335301549512594832E+00 
  5.548450236134034874E+00 
  5.663770197456654998E+00 
  5.678642548540844714E+00 
  5.608195464873348968E+00 
  5.485304182367569226E+00 
  5.349642515266235243E+00 
  5.212874369448938339E+00 
  5.084026266195786903E+00 
  4.989828228599809457E+00 
  4.958678125140667525E+00 
  5.004543569545495174E+00 
  5.126961920788742688E+00 
  5.311040283092313352E+00 
  5.527503730193998877E+00 
  5.756284732032329821E+00 
  5.991924723590622115E+00 
  6.228224253082843553E+00 
  6.458068290401181244E+00 
  6.655897416855552251E+00 
  6.793743481599898715E+00 
  6.857327701771343875E+00 
  6.846060662490346616E+00 
  6.773042316860570899E+00 
  6.665013761700445905E+00 
  6.538767810858320040E+00 
  6.395747426368401101E+00 
  6.237395570264915534E+00 
  6.065155204582081794E+00 
  5.880469291354103234E+00 
  5.684780792615213407E+00 
  5.479532670399624550E+00 
  5.266167886741560444E+00 
  5.046129403675235991E+00 
  4.820860183234866092E+00 
  4.591803187454673640E+00 
  4.360401378368875314E+00 
  4.128097718011690453E+00 
  3.896335168417337513E+00 
  3.666556691620036279E+00 
  3.440205249654001651E+00 
  3.218723804553455636E+00 
  3.003555318352611359E+00 
  2.796142753085688160E+00 
  2.597929070786913819E+00 
  2.410357233490497020E+00 
  2.234870203230661545E+00 
  2.072910942041619187E+00 
  1.925922411957586622E+00 
  1.795347575012800956E+00 
  1.682629393241462434E+00 
  1.590170830622528175E+00 
  1.522588034216105779E+00 
  1.483510162218555806E+00 
  1.475385341606410661E+00 
  1.499480668136272232E+00 
  1.555882206344930463E+00 
  1.643494989549276086E+00 
  1.760043019846355250E+00 
  1.902069268113380174E+00 
  2.064935674007639665E+00 
  2.241863144021871257E+00 
  2.422678370347759014E+00 
  2.597014002820895229E+00 
  2.755439915272741125E+00 
  2.893542711589224048E+00 
  3.008465030318938638E+00 
  3.098310583005221552E+00 
  3.162144154186113276E+00 
  3.199991601394339913E+00 
  3.212839855157405999E+00 
  3.202636918997487037E+00 
  3.172291869431503208E+00 
  3.125674855971074528E+00 
  3.066679877126633258E+00 
  2.995145274348925302E+00 
  2.910314427420696237E+00 
  2.811430716124705853E+00 
  2.697737520243707277E+00 
  2.568478219560436315E+00 
  2.422896193857662972E+00 
  2.260234822918129272E+00 
  2.186682573987102529E+00 
  2.107626365031463500E+00 
  2.022877040996917231E+00 
  1.932245446829134794E+00 
