   635 
  1.310014777118340135E+00 
  1.285484110767981303E+00 
  1.262410991287800099E+00 
  1.240750777119747905E+00 
  1.220458826705776989E+00 
  1.201490498487847614E+00 
  1.183801150907909161E+00 
  1.167346142407921894E+00 
  1.152080831429837859E+00 
  1.137960576415609770E+00 
  1.124940735807197001E+00 
  1.112976668046550266E+00 
  1.102023731575627830E+00 
  1.092037284836383071E+00 
  1.082972686270769369E+00 
  1.074785294320744100E+00 
  1.067430467428259977E+00 
  1.060863564035273932E+00 
  1.055039942583739565E+00 
  1.049914961515610923E+00 
  1.045443979272844715E+00 
  1.041582354297394319E+00 
  1.038285445031215559E+00 
  1.035508609916262701E+00 
  1.033207207394490457E+00 
  1.031336595907854425E+00 
  1.029852133898308653E+00 
  1.028709179807808516E+00 
  1.027863092078308505E+00 
  1.027269229151763552E+00 
  1.026882949470128592E+00 
  1.026659611475358780E+00 
  1.026554573609408383E+00 
  1.026523194314232335E+00 
  1.027108462272558143E+00 
  1.034656923053853816E+00 
  1.049349881568465426E+00 
  1.069205507654581666E+00 
  1.092241971150397895E+00 
  1.116477441894110578E+00 
  1.139930089723905970E+00 
  1.160618084477983869E+00 
  1.176559595994530749E+00 
  1.185772794111744188E+00 
  1.186894266171022450E+00 
  1.183658704769982917E+00 
  1.177685874108711284E+00 
  1.169737184273504482E+00 
  1.160574045350656780E+00 
  1.150957867426462000E+00 
  1.141650060587218185E+00 
  1.133412034919218048E+00 
  1.127005200508758964E+00 
  1.123190967442135646E+00 
  1.123954028638569191E+00 
  1.141382009842470291E+00 
  1.174483504977664516E+00 
  1.218345186792955559E+00 
  1.268053728037159322E+00 
  1.318695801459095929E+00 
  1.365358079807563074E+00 
  1.403127235831385766E+00 
  1.427089942279365031E+00 
  1.432948307360114581E+00 
  1.430675436572037995E+00 
  1.425583968968788584E+00 
  1.417932491414142682E+00 
  1.407979590771879508E+00 
  1.395983853905775174E+00 
  1.382203867679605569E+00 
  1.366898218957151467E+00 
  1.350325494602186094E+00 
  1.332744281478491333E+00 
  1.314413166449842407E+00 
  1.295590736380013874E+00 
  1.276535578132788507E+00 
  1.257506278571938196E+00 
  1.238761424561245494E+00 
  1.220559602964485180E+00 
  1.203159400645432253E+00 
  1.186819404467868821E+00 
  1.171798201295567887E+00 
  1.158354377992310669E+00 
  1.146746521421872611E+00 
  1.137233218448029604E+00 
  1.130073055934561754E+00 
  1.125524620745244508E+00 
  1.123846499743856198E+00 
  1.124899706059950377E+00 
  1.128171054682660879E+00 
  1.133461579072758241E+00 
  1.140573223735649844E+00 
  1.149307933176739294E+00 
  1.159467651901433749E+00 
  1.170854324415140590E+00 
  1.183269895223262536E+00 
  1.196516308831208741E+00 
  1.210395509744381703E+00 
  1.224709442468188358E+00 
  1.239260051508037197E+00 
  1.253849281369330049E+00 
  1.268279076557474516E+00 
  1.282351381577876426E+00 
  1.295868140935945823E+00 
  1.308631299137080317E+00 
  1.320442800686689955E+00 
  1.331104590090180784E+00 
  1.340418611852958186E+00 
  1.348186810480430431E+00 
  1.354211130477998903E+00 
  1.358293516351071650E+00 
  1.360235912605054942E+00 
  1.359865754029660145E+00 
  1.357237470564899740E+00 
  1.352517894360736772E+00 
  1.345874128312848139E+00 
  1.337473275316910959E+00 
  1.327482438268602793E+00 
  1.316068720063598096E+00 
  1.303399223597579981E+00 
  1.289641051766223567E+00 
  1.274961307465205973E+00 
  1.259527093590204538E+00 
  1.243505513036892163E+00 
  1.227063668700955734E+00 
  1.210368663478067930E+00 
  1.193587600263906090E+00 
  1.176887581954148221E+00 
  1.160435711444466333E+00 
  1.144399091630547760E+00 
  1.128944825408064956E+00 
  1.114240015672695927E+00 
  1.100451765320117348E+00 
  1.087747177246003449E+00 
  1.076293354346039344E+00 
  1.066257399515898374E+00 
  1.057806415651257881E+00 
  1.051107505647795204E+00 
  1.046327772401187461E+00 
  1.043634318807113770E+00 
  1.043216828658455553E+00 
  1.045470445754537625E+00 
  1.050328265164335084E+00 
  1.057581700398966262E+00 
  1.067022164969543052E+00 
  1.078441072387183342E+00 
  1.091629836163003242E+00 
  1.106379869808119087E+00 
  1.122482586833651652E+00 
  1.139729400750707944E+00 
  1.157911725070408293E+00 
  1.176820973303869033E+00 
  1.196248558962206054E+00 
  1.215985895556541463E+00 
  1.235824396597979602E+00 
  1.255555475597643023E+00 
  1.274970546066646948E+00 
  1.293861021516108156E+00 
  1.312018315457147644E+00 
  1.329233841400871308E+00 
  1.345299012858399923E+00 
  1.360005243340850489E+00 
  1.373143946359338674E+00 
  1.384506535424983475E+00 
  1.393884424048894788E+00 
  1.401069025742192053E+00 
  1.405851754015991606E+00 
  1.408024022381409335E+00 
  1.407015627273004110E+00 
  1.402417554211066841E+00 
  1.395524577727805582E+00 
  1.387706789418040820E+00 
  1.380334280876592379E+00 
  1.374777143698279414E+00 
  1.372405469477925966E+00 
  1.377286005160412996E+00 
  1.392411587537123685E+00 
  1.416107855701310481E+00 
  1.446682670306985496E+00 
  1.482443892008133979E+00 
  1.521699381458766709E+00 
  1.562756999312886252E+00 
  1.603924606224496063E+00 
  1.643510062847609365E+00 
  1.679821229836206298E+00 
  1.711165967844301417E+00 
  1.735852137525897509E+00 
  1.752187599535000695E+00 
  1.758480214525604213E+00 
  1.758307136932892867E+00 
  1.757681051756568413E+00 
  1.756634023744925832E+00 
  1.755177671524388083E+00 
  1.753323613721379015E+00 
  1.751083468962322254E+00 
  1.748468855873640315E+00 
  1.745491393081757270E+00 
  1.742162699213094967E+00 
  1.738494392894079255E+00 
  1.734498092751131981E+00 
  1.730185417410676774E+00 
  1.725567985499137036E+00 
  1.720657415642934618E+00 
  1.715465326468495366E+00 
  1.710003336602242019E+00 
  1.704283064670597314E+00 
  1.698316129299984878E+00 
  1.692114149116826116E+00 
  1.685688742747547764E+00 
  1.679051528818571892E+00 
  1.672214125956321462E+00 
  1.665188152787220099E+00 
  1.657985227937688988E+00 
  1.650616970034155306E+00 
  1.643094997703040905E+00 
  1.635430929570768965E+00 
  1.627636384263762448E+00 
  1.619722980408442981E+00 
  1.611702336631238186E+00 
  1.603586071558568804E+00 
  1.595385803816858905E+00 
  1.587113152032531227E+00 
  1.578779734832007620E+00 
  1.570397170841715040E+00 
  1.561977078688075116E+00 
  1.553531076997511251E+00 
  1.545070784396446628E+00 
  1.536607819511301987E+00 
  1.528153800968506060E+00 
  1.519720347394479365E+00 
  1.511319077415645085E+00 
  1.502961609658427289E+00 
  1.494659562749246495E+00 
  1.486424555314530549E+00 
  1.478268205980700856E+00 
  1.470202133374180820E+00 
  1.462237956121393401E+00 
  1.454387292848760005E+00 
  1.446661762182708255E+00 
  1.439072982749659335E+00 
  1.431632573176036871E+00 
  1.424352152088264045E+00 
  1.417243338112762041E+00 
  1.410317749875958482E+00 
  1.403587006004274773E+00 
  1.397062725124133653E+00 
  1.390756525861959192E+00 
  1.384680026844172573E+00 
  1.378844846697200976E+00 
  1.373262604047465807E+00 
  1.367944917521390247E+00 
  1.362903405745398144E+00 
  1.358149687345910905E+00 
  1.353695380949355265E+00 
  1.349552105182152628E+00 
  1.345731478670726400E+00 
  1.342245120041500428E+00 
  1.339104647920896562E+00 
  1.336321680935340650E+00 
  1.333907837711254318E+00 
  1.331874736875061638E+00 
  1.330233997053185568E+00 
  1.328997236872049292E+00 
  1.328176074958076880E+00 
  1.327782129937691069E+00 
  1.327937024605393868E+00 
  1.329045457563992727E+00 
  1.331032980842752345E+00 
  1.333772558268238040E+00 
  1.337137153667016465E+00 
  1.340999730865654715E+00 
  1.345233253690719000E+00 
  1.349710685968776636E+00 
  1.354304991526392055E+00 
  1.358889134190132797E+00 
  1.363336077786565292E+00 
  1.367518786142255971E+00 
  1.371310223083772373E+00 
  1.374583352437678707E+00 
  1.377211138030542736E+00 
  1.379066543688930668E+00 
  1.380022533239409377E+00 
  1.380013452413417108E+00 
  1.379291617355481669E+00 
  1.377975848099140643E+00 
  1.376154004732915936E+00 
  1.373913947345329234E+00 
  1.371343536024900889E+00 
  1.368530630860153696E+00 
  1.365563091939608897E+00 
  1.362528779351787955E+00 
  1.359515553185211889E+00 
  1.356611273528401940E+00 
  1.353903800469880681E+00 
  1.351480994098169131E+00 
  1.349430714501788753E+00 
  1.347840821769260788E+00 
  1.346799175989106923E+00 
  1.346393637249848618E+00 
  1.346968321324790718E+00 
  1.348802994789312759E+00 
  1.351734764164878921E+00 
  1.355598528486698040E+00 
  1.360229186789975619E+00 
  1.365461638109920717E+00 
  1.371130781481741057E+00 
  1.377071515940644586E+00 
  1.383118740521840806E+00 
  1.389107354260533667E+00 
  1.394872256191933779E+00 
  1.400248345351247758E+00 
  1.405070520773684439E+00 
  1.409173681494452213E+00 
  1.412392726548756361E+00 
  1.414562554971806385E+00 
  1.415518065798810232E+00 
  1.412739506076753804E+00 
  1.401686133761625763E+00 
  1.383232989386045997E+00 
  1.358430430942980216E+00 
  1.328328816425394798E+00 
  1.293978503826257453E+00 
  1.256429851138523679E+00 
  1.216733216355182723E+00 
  1.175938957469191193E+00 
  1.135097432473516132E+00 
  1.095258999361124586E+00 
  1.057474016124973826E+00 
  1.022792840758052213E+00 
  9.922658312533156888E-01 
  9.669433456037318519E-01 
  9.478757418022674130E-01 
  9.361133778418874174E-01 
  9.326957077014431663E-01 
  9.372417096882077470E-01 
  9.480731564919538945E-01 
  9.637807555528201675E-01 
  9.829552143109515638E-01 
  1.004187240206475096E+00 
  1.026067540679534540E+00 
  1.047186823170269010E+00 
  1.066135795118816842E+00 
  1.081505163965320815E+00 
  1.091885637149910382E+00 
  1.095867922112729209E+00 
  1.095712349148463050E+00 
  1.095226430199826684E+00 
  1.094458137755421889E+00 
  1.093449460439154919E+00 
  1.092242386874931803E+00 
  1.090878905686658573E+00 
  1.089401005498241259E+00 
  1.087850674933585449E+00 
  1.086269902616598060E+00 
  1.084700677171185124E+00 
  1.083184987221252227E+00 
  1.081764821390705622E+00 
  1.080482168303451340E+00 
  1.079379016583395856E+00 
  1.078497354854444756E+00 
  1.077879171740504294E+00 
  1.077566455865480721E+00 
  1.080652334329082143E+00 
  1.098650000081173861E+00 
  1.129535068461979153E+00 
  1.169707706334986108E+00 
  1.215568080563682374E+00 
  1.263516358011569807E+00 
  1.309952705542107410E+00 
  1.351277290018797261E+00 
  1.383890278305127008E+00 
  1.404191837264584297E+00 
  1.409149171976702641E+00 
  1.408582115566548998E+00 
  1.407282171611845101E+00 
  1.405277636928983220E+00 
  1.402596808334354517E+00 
  1.399267982644350594E+00 
  1.395319456675365277E+00 
  1.390779527243788838E+00 
  1.385676491166013546E+00 
  1.380038645258431895E+00 
  1.373894286337433046E+00 
  1.367271711219413044E+00 
  1.360199216720761717E+00 
  1.352705099657870891E+00 
  1.344817656847133058E+00 
  1.336565185104937159E+00 
  1.327975981247680126E+00 
  1.319078342091750899E+00 
  1.309900564453542415E+00 
  1.300470945149445834E+00 
  1.290817780995850539E+00 
  1.280969368809153908E+00 
  1.270954005405745102E+00 
  1.260799987602015948E+00 
  1.250535612214358272E+00 
  1.240189176059161236E+00 
  1.229788975952822661E+00 
  1.219363308711731042E+00 
  1.208940471152279095E+00 
  1.198548760090857979E+00 
  1.188216472343856633E+00 
  1.177971904727673547E+00 
  1.167843354058696992E+00 
  1.157859117153319461E+00 
  1.148047490827932338E+00 
  1.138436771898924782E+00 
  1.129055257182694616E+00 
  1.119931243495630557E+00 
  1.111093027654124654E+00 
  1.102568906474568955E+00 
  1.094387176773352843E+00 
  1.086576135366873253E+00 
  1.079164079071519122E+00 
  1.072179304703682723E+00 
  1.065650109079755881E+00 
  1.059604789016128867E+00 
  1.054071641329197062E+00 
  1.049078962835350737E+00 
  1.044655050350981274E+00 
  1.040828200692480721E+00 
  1.037626710676240460E+00 
  1.035078877118654317E+00 
  1.033212996836112563E+00 
  1.032057366645007690E+00 
  1.031640283361731081E+00 
  1.035092817005903942E+00 
  1.045132843194192418E+00 
  1.060101700491084431E+00 
  1.078331425746460015E+00 
  1.098154055810200092E+00 
  1.117901627532190245E+00 
  1.135906177762299185E+00 
  1.150499743350413162E+00 
  1.160014361146412876E+00 
  1.162828304780697319E+00 
  1.160709513382193858E+00 
  1.155794353312320055E+00 
  1.148764034966050618E+00 
  1.140299768738359587E+00 
  1.131082765024221892E+00 
  1.121794234218609132E+00 
  1.113115386716501565E+00 
  1.105727432912870567E+00 
  1.100311583202691068E+00 
  1.097549047980937331E+00 
  1.099367215099599449E+00 
  1.109586849912094442E+00 
  1.126763440439467745E+00 
  1.149039321604315544E+00 
  1.174556828329233804E+00 
  1.201458295536825815E+00 
  1.227886058149671777E+00 
  1.251982451090375426E+00 
  1.271889809281532280E+00 
  1.285750467645738526E+00 
  1.291706761105590129E+00 
  1.290873516835179480E+00 
  1.287707256132964329E+00 
  1.282723586730760701E+00 
  1.276366862833944849E+00 
  1.269081438647890581E+00 
  1.261311668377978146E+00 
  1.253501906229582019E+00 
  1.246096506408078231E+00 
  1.239539823118842810E+00 
  1.234276210567250898E+00 
  1.230750022958681411E+00 
  1.229405614498509269E+00 
  1.231022614446483532E+00 
  1.235714496863405731E+00 
  1.242797881049438447E+00 
  1.251588503265203878E+00 
  1.261402099771331775E+00 
  1.271554406828449002E+00 
  1.281361160697183088E+00 
  1.290138097638163561E+00 
  1.297200953912012400E+00 
  1.301865465779359576E+00 
  1.303446953227204164E+00 
  1.301277945604855102E+00 
  1.295444556530599645E+00 
  1.286346173628626799E+00 
  1.274382184523121131E+00 
  1.259951976838268317E+00 
  1.243454938198254256E+00 
  1.225290456227259295E+00 
  1.205857918549479324E+00 
  1.185556712789095801E+00 
  1.164786226570293737E+00 
  1.143945847517259251E+00 
  1.123434963254172247E+00 
  1.103652961405229949E+00 
  1.084999229594612924E+00 
  1.067873155446506406E+00 
  1.052674126585095848E+00 
  1.039801530634564486E+00 
  1.029654755219104878E+00 
  1.022633187962898704E+00 
  1.019136216490132085E+00 
  1.020753396107444200E+00 
  1.031625272853277986E+00 
  1.050052760849076394E+00 
  1.073735826228793044E+00 
  1.100374435126380890E+00 
  1.127668553675792662E+00 
  1.153318148010987088E+00 
  1.175023184265901799E+00 
  1.190483628574497077E+00 
  1.197399447070724987E+00 
  1.196534145188222764E+00 
  1.192744609240842468E+00 
  1.186453548894954579E+00 
  1.177967711471037626E+00 
  1.167593844289571248E+00 
  1.155638694671034195E+00 
  1.142409009935902109E+00 
  1.128211537404661735E+00 
  1.113353024397788493E+00 
  1.098140218235762022E+00 
  1.082879866239061073E+00 
  1.067878715728160843E+00 
  1.053443514023548966E+00 
  1.039881008445700861E+00 
  1.027497946315095279E+00 
  1.016601074952211636E+00 
  1.007497141677526686E+00 
  1.000492893811524953E+00 
  9.958950786746829653E-01 
  9.940104435874799194E-01 
  1.001024726366361417E+00 
  1.024148990478358057E+00 
  1.058731339197350740E+00 
  1.099947315846712570E+00 
  1.142972463749811096E+00 
  1.182982326230014314E+00 
  1.215152446610697989E+00 
  1.234658368215210800E+00 
  1.238256675296540488E+00 
  1.238021313077297458E+00 
  1.237533436014288224E+00 
  1.236806334362447135E+00 
  1.235853298376709875E+00 
  1.234687618312011459E+00 
  1.233322584423287127E+00 
  1.231771486965471674E+00 
  1.230047616193499671E+00 
  1.228164262362307246E+00 
  1.226134715726828972E+00 
  1.223972266542000087E+00 
  1.221690205062755386E+00 
  1.219301821544029218E+00 
  1.216820406240758379E+00 
  1.214259249407877217E+00 
  1.211631641300320528E+00 
  1.208950872173023550E+00 
  1.206230232280920633E+00 
  1.203483011878948350E+00 
  1.200722501222040828E+00 
  1.197961990565133306E+00 
  1.195214770163161022E+00 
  1.192494130271058106E+00 
  1.189813361143761128E+00 
  1.187185753036204439E+00 
  1.184624596203323277E+00 
  1.182143180900052437E+00 
  1.179754797381326492E+00 
  1.177472735902081791E+00 
  1.175310286717252684E+00 
  1.173280740081774631E+00 
  1.171397386250582207E+00 
  1.169673515478610204E+00 
  1.168122418020794751E+00 
  1.166757384132070419E+00 
  1.165591704067372003E+00 
  1.164638668081634965E+00 
  1.163911566429794098E+00 
  1.163423689366784641E+00 
  1.163188327147541612E+00 
  1.163422554257674157E+00 
  1.164829857909336575E+00 
  1.167240524844733951E+00 
  1.170394616389322850E+00 
  1.174032193868560725E+00 
  1.177893318607905249E+00 
  1.181718051932813651E+00 
  1.185246455168744717E+00 
  1.188218589641153455E+00 
  1.190374516675498429E+00 
  1.191454297597237311E+00 
  1.191107172849656282E+00 
  1.188983040355624521E+00 
  1.185225820001204688E+00 
  1.180009336997720926E+00 
  1.173507416556496485E+00 
  1.165893883888855509E+00 
  1.157342564206119473E+00 
  1.148027282719616959E+00 
  1.138121864640670111E+00 
  1.127800135180602181E+00 
  1.117235919550737533E+00 
  1.106603042962396755E+00 
  1.096075330626909983E+00 
  1.085826607755598250E+00 
  1.076030699559785253E+00 
  1.066861431250794912E+00 
  1.058492628039949368E+00 
  1.051098115138576539E+00 
  1.044851717757998566E+00 
  1.039927261109538925E+00 
  1.036498570404521535E+00 
  1.034739470854270316E+00 
  1.034991823473674577E+00 
  1.038096276398533080E+00 
  1.043870906293807632E+00 
  1.051994392224430142E+00 
  1.062145413255335402E+00 
  1.074002648451449327E+00 
  1.087244776877707153E+00 
  1.101550477599040123E+00 
  1.116598429680380589E+00 
  1.132067312186664676E+00 
  1.147635804182815411E+00 
  1.162982584733768920E+00 
  1.177786332904457556E+00 
  1.191725727759813003E+00 
  1.204479448364770500E+00 
  1.215726173784254849E+00 
  1.225144583083201733E+00 
  1.232413355326543059E+00 
  1.237211169579210512E+00 
  1.239216704906136446E+00 
  1.238647882364297015E+00 
  1.236429394563884898E+00 
