   659 
  0.000000000000000000E+00 
  1.000000000000014211E-01 
  1.999999999999957367E-01 
  2.999999999999971578E-01 
  3.999999999999985789E-01 
  5.000000000000000000E-01 
  6.000000000000014211E-01 
  6.999999999999957367E-01 
  7.999999999999971578E-01 
  8.999999999999985789E-01 
  1.000000000000000000E+00 
  1.100000000000001421E+00 
  1.199999999999995737E+00 
  1.299999999999997158E+00 
  1.399999999999998579E+00 
  1.500000000000000000E+00 
  1.600000000000001421E+00 
  1.699999999999995737E+00 
  1.799999999999997158E+00 
  1.899999999999998579E+00 
  2.000000000000000000E+00 
  2.100000000000001421E+00 
  2.199999999999995737E+00 
  2.299999999999997158E+00 
  2.399999999999998579E+00 
  2.500000000000000000E+00 
  2.600000000000001421E+00 
  2.699999999999995737E+00 
  2.799999999999997158E+00 
  2.899999999999998579E+00 
  3.000000000000000000E+00 
  3.100000000000001421E+00 
  3.199999999999995737E+00 
  3.299999999999997158E+00 
  3.399999999999998579E+00 
  3.500000000000000000E+00 
  3.600000000000001421E+00 
  3.699999999999995737E+00 
  3.799999999999997158E+00 
  3.899999999999998579E+00 
  4.000000000000000000E+00 
  4.100000000000001421E+00 
  4.199999999999995737E+00 
  4.299999999999997158E+00 
  4.399999999999998579E+00 
  4.500000000000000000E+00 
  4.600000000000001421E+00 
  4.699999999999995737E+00 
  4.799999999999997158E+00 
  4.899999999999998579E+00 
  5.000000000000000000E+00 
  5.100000000000001421E+00 
  5.199999999999995737E+00 
  5.299999999999997158E+00 
  5.399999999999998579E+00 
  5.500000000000000000E+00 
  5.600000000000001421E+00 
  5.699999999999995737E+00 
  5.799999999999997158E+00 
  5.899999999999998579E+00 
  6.000000000000000000E+00 
  6.100000000000001421E+00 
  6.199999999999995737E+00 
  6.299999999999997158E+00 
  6.399999999999998579E+00 
  6.500000000000000000E+00 
  6.600000000000001421E+00 
  6.699999999999995737E+00 
  6.799999999999997158E+00 
  6.899999999999998579E+00 
  7.000000000000000000E+00 
  7.100000000000001421E+00 
  7.199999999999995737E+00 
  7.299999999999997158E+00 
  7.399999999999998579E+00 
  7.500000000000000000E+00 
  7.600000000000001421E+00 
  7.699999999999995737E+00 
  7.799999999999997158E+00 
  7.899999999999998579E+00 
  8.000000000000000000E+00 
  8.100000000000001421E+00 
  8.199999999999995737E+00 
  8.299999999999997158E+00 
  8.399999999999998579E+00 
  8.500000000000000000E+00 
  8.600000000000001421E+00 
  8.699999999999995737E+00 
  8.799999999999997158E+00 
  8.899999999999998579E+00 
  9.000000000000000000E+00 
  9.100000000000001421E+00 
  9.199999999999995737E+00 
  9.299999999999997158E+00 
  9.399999999999998579E+00 
  9.500000000000000000E+00 
  9.600000000000001421E+00 
  9.699999999999995737E+00 
  9.799999999999997158E+00 
  9.899999999999998579E+00 
  1.000000000000000000E+01 
  1.010000000000000142E+01 
  1.019999999999999574E+01 
  1.029999999999999361E+01 
  1.040000000000000213E+01 
  1.049999999999999645E+01 
  1.060000000000000497E+01 
  1.069999999999999929E+01 
  1.079999999999999361E+01 
  1.090000000000000213E+01 
  1.099999999999999645E+01 
  1.110000000000000497E+01 
  1.119999999999999929E+01 
  1.129999999999999361E+01 
  1.140000000000000213E+01 
  1.149999999999999645E+01 
  1.160000000000000497E+01 
  1.169999999999999929E+01 
  1.179999999999999361E+01 
  1.190000000000000213E+01 
  1.199999999999999645E+01 
  1.210000000000000497E+01 
  1.219999999999999929E+01 
  1.229999999999999361E+01 
  1.240000000000000213E+01 
  1.249999999999999645E+01 
  1.260000000000000497E+01 
  1.269999999999999929E+01 
  1.279999999999999361E+01 
  1.290000000000000213E+01 
  1.299999999999999645E+01 
  1.310000000000000497E+01 
  1.319999999999999929E+01 
  1.329999999999999361E+01 
  1.340000000000000213E+01 
  1.349999999999999645E+01 
  1.360000000000000497E+01 
  1.369999999999999929E+01 
  1.379999999999999361E+01 
  1.390000000000000213E+01 
  1.399999999999999645E+01 
  1.410000000000000497E+01 
  1.419999999999999929E+01 
  1.429999999999999361E+01 
  1.440000000000000213E+01 
  1.449999999999999645E+01 
  1.460000000000000497E+01 
  1.469999999999999929E+01 
  1.479999999999999361E+01 
  1.490000000000000213E+01 
  1.499999999999999645E+01 
  1.510000000000000497E+01 
  1.519999999999999929E+01 
  1.529999999999999361E+01 
  1.540000000000000213E+01 
  1.549999999999999645E+01 
  1.560000000000000497E+01 
  1.569999999999999929E+01 
  1.579999999999999361E+01 
  1.590000000000000213E+01 
  1.599999999999999645E+01 
  1.610000000000000497E+01 
  1.619999999999999929E+01 
  1.629999999999999361E+01 
  1.640000000000000213E+01 
  1.649999999999999645E+01 
  1.660000000000000497E+01 
  1.669999999999999929E+01 
  1.679999999999999361E+01 
  1.690000000000000213E+01 
  1.699999999999999645E+01 
  1.710000000000000497E+01 
  1.719999999999999929E+01 
  1.729999999999999361E+01 
  1.740000000000000213E+01 
  1.749999999999999645E+01 
  1.760000000000000497E+01 
  1.769999999999999929E+01 
  1.779999999999999361E+01 
  1.790000000000000213E+01 
  1.799999999999999645E+01 
  1.810000000000000497E+01 
  1.819999999999999929E+01 
  1.829999999999999361E+01 
  1.840000000000000213E+01 
  1.849999999999999645E+01 
  1.860000000000000497E+01 
  1.869999999999999929E+01 
  1.879999999999999361E+01 
  1.890000000000000213E+01 
  1.899999999999999645E+01 
  1.910000000000000497E+01 
  1.919999999999999929E+01 
  1.929999999999999361E+01 
  1.940000000000000213E+01 
  1.949999999999999645E+01 
  1.960000000000000497E+01 
  1.969999999999999929E+01 
  1.979999999999999361E+01 
  1.989999999999998792E+01 
  1.999999999999999645E+01 
  2.009999999999999076E+01 
  2.019999999999999929E+01 
  2.029999999999999361E+01 
  2.039999999999998792E+01 
  2.049999999999999645E+01 
  2.059999999999999076E+01 
  2.069999999999999929E+01 
  2.079999999999999361E+01 
  2.089999999999998792E+01 
  2.099999999999999645E+01 
  2.109999999999999076E+01 
  2.119999999999999929E+01 
  2.129999999999999361E+01 
  2.139999999999998792E+01 
  2.149999999999999645E+01 
  2.159999999999999076E+01 
  2.169999999999999929E+01 
  2.179999999999999361E+01 
  2.189999999999998792E+01 
  2.199999999999999645E+01 
  2.209999999999999076E+01 
  2.219999999999999929E+01 
  2.229999999999999361E+01 
  2.239999999999998792E+01 
  2.249999999999999645E+01 
  2.259999999999999076E+01 
  2.269999999999999929E+01 
  2.279999999999999361E+01 
  2.289999999999998792E+01 
  2.299999999999999645E+01 
  2.309999999999999076E+01 
  2.319999999999999929E+01 
  2.329999999999999361E+01 
  2.339999999999998792E+01 
  2.349999999999999645E+01 
  2.359999999999999076E+01 
  2.369999999999999929E+01 
  2.379999999999999361E+01 
  2.389999999999998792E+01 
  2.399999999999999645E+01 
  2.409999999999999076E+01 
  2.419999999999999929E+01 
  2.429999999999999361E+01 
  2.440000000000000213E+01 
  2.449999999999999645E+01 
  2.459999999999999076E+01 
  2.469999999999999929E+01 
  2.479999999999999361E+01 
  2.490000000000000213E+01 
  2.499999999999999645E+01 
  2.509999999999999076E+01 
  2.519999999999999929E+01 
  2.529999999999999361E+01 
  2.540000000000000213E+01 
  2.549999999999999645E+01 
  2.559999999999999076E+01 
  2.569999999999999929E+01 
  2.579999999999999361E+01 
  2.590000000000000213E+01 
  2.599999999999999645E+01 
  2.609999999999999076E+01 
  2.619999999999999929E+01 
  2.629999999999999361E+01 
  2.640000000000000213E+01 
  2.649999999999999645E+01 
  2.659999999999999076E+01 
  2.669999999999999929E+01 
  2.679999999999999361E+01 
  2.690000000000000213E+01 
  2.699999999999999645E+01 
  2.709999999999999076E+01 
  2.719999999999999929E+01 
  2.729999999999999361E+01 
  2.740000000000000213E+01 
  2.749999999999999645E+01 
  2.759999999999999076E+01 
  2.769999999999999929E+01 
  2.779999999999999361E+01 
  2.790000000000000213E+01 
  2.799999999999999645E+01 
  2.809999999999999076E+01 
  2.819999999999999929E+01 
  2.829999999999999361E+01 
  2.840000000000000213E+01 
  2.849999999999999645E+01 
  2.859999999999999076E+01 
  2.869999999999999929E+01 
  2.879999999999999361E+01 
  2.890000000000000213E+01 
  2.899999999999999645E+01 
  2.909999999999999076E+01 
  2.919999999999999929E+01 
  2.929999999999999361E+01 
  2.940000000000000213E+01 
  2.949999999999999645E+01 
  2.959999999999999076E+01 
  2.969999999999999929E+01 
  2.979999999999999361E+01 
  2.990000000000000213E+01 
  2.999999999999999645E+01 
  3.009999999999999076E+01 
  3.019999999999999929E+01 
  3.029999999999999361E+01 
  3.040000000000000213E+01 
  3.049999999999999645E+01 
  3.059999999999999076E+01 
  3.069999999999999929E+01 
  3.079999999999999361E+01 
  3.090000000000000213E+01 
  3.099999999999999645E+01 
  3.109999999999999076E+01 
  3.119999999999999929E+01 
  3.129999999999999361E+01 
  3.140000000000000213E+01 
  3.149999999999999645E+01 
  3.159999999999999076E+01 
  3.169999999999999929E+01 
  3.179999999999999361E+01 
  3.190000000000000213E+01 
  3.199999999999999645E+01 
  3.209999999999999432E+01 
  3.220000000000000284E+01 
  3.229999999999999716E+01 
  3.240000000000000568E+01 
  3.250000000000000000E+01 
  3.259999999999999432E+01 
  3.270000000000000284E+01 
  3.279999999999999716E+01 
  3.290000000000000568E+01 
  3.300000000000000000E+01 
  3.309999999999999432E+01 
  3.320000000000000284E+01 
  3.329999999999999716E+01 
  3.340000000000000568E+01 
  3.350000000000000000E+01 
  3.359999999999999432E+01 
  3.370000000000000284E+01 
  3.379999999999999716E+01 
  3.390000000000000568E+01 
  3.400000000000000000E+01 
  3.409999999999999432E+01 
  3.420000000000000284E+01 
  3.429999999999999716E+01 
  3.440000000000000568E+01 
  3.450000000000000000E+01 
  3.459999999999999432E+01 
  3.470000000000000284E+01 
  3.479999999999999716E+01 
  3.490000000000000568E+01 
  3.500000000000000000E+01 
  3.509999999999999432E+01 
  3.520000000000000284E+01 
  3.529999999999999716E+01 
  3.540000000000000568E+01 
  3.550000000000000000E+01 
  3.559999999999999432E+01 
  3.570000000000000284E+01 
  3.579999999999999716E+01 
  3.590000000000000568E+01 
  3.600000000000000000E+01 
  3.609999999999999432E+01 
  3.620000000000000284E+01 
  3.629999999999999716E+01 
  3.640000000000000568E+01 
  3.650000000000000000E+01 
  3.659999999999999432E+01 
  3.670000000000000284E+01 
  3.679999999999999716E+01 
  3.690000000000000568E+01 
  3.700000000000000000E+01 
  3.709999999999999432E+01 
  3.720000000000000284E+01 
  3.729999999999999716E+01 
  3.740000000000000568E+01 
  3.750000000000000000E+01 
  3.759999999999999432E+01 
  3.770000000000000284E+01 
  3.779999999999999716E+01 
  3.790000000000000568E+01 
  3.800000000000000000E+01 
  3.809999999999999432E+01 
  3.820000000000000284E+01 
  3.829999999999999716E+01 
  3.840000000000000568E+01 
  3.850000000000000000E+01 
  3.859999999999999432E+01 
  3.870000000000000284E+01 
  3.879999999999999716E+01 
  3.890000000000000568E+01 
  3.900000000000000000E+01 
  3.909999999999999432E+01 
  3.920000000000000284E+01 
  3.929999999999999716E+01 
  3.940000000000000568E+01 
  3.950000000000000000E+01 
  3.959999999999999432E+01 
  3.970000000000000284E+01 
  3.979999999999999716E+01 
  3.990000000000000568E+01 
  4.000000000000000000E+01 
  4.009999999999999432E+01 
  4.020000000000000284E+01 
  4.029999999999999716E+01 
  4.040000000000000568E+01 
  4.050000000000000000E+01 
  4.059999999999999432E+01 
  4.070000000000000284E+01 
  4.079999999999999716E+01 
  4.090000000000000568E+01 
  4.100000000000000000E+01 
  4.109999999999999432E+01 
  4.120000000000000284E+01 
  4.129999999999999716E+01 
  4.140000000000000568E+01 
  4.150000000000000000E+01 
  4.159999999999999432E+01 
  4.170000000000000284E+01 
  4.179999999999999716E+01 
  4.190000000000000568E+01 
  4.200000000000000000E+01 
  4.209999999999999432E+01 
  4.220000000000000284E+01 
  4.229999999999999716E+01 
  4.240000000000000568E+01 
  4.250000000000000000E+01 
  4.259999999999999432E+01 
  4.270000000000000284E+01 
  4.279999999999999716E+01 
  4.290000000000000568E+01 
  4.300000000000000000E+01 
  4.309999999999999432E+01 
  4.320000000000000284E+01 
  4.329999999999999716E+01 
  4.340000000000000568E+01 
  4.350000000000000000E+01 
  4.359999999999999432E+01 
  4.370000000000000284E+01 
  4.379999999999999716E+01 
  4.390000000000000568E+01 
  4.400000000000000000E+01 
  4.409999999999999432E+01 
  4.420000000000000284E+01 
  4.429999999999999716E+01 
  4.440000000000000568E+01 
  4.450000000000000000E+01 
  4.459999999999999432E+01 
  4.470000000000000284E+01 
  4.479999999999999716E+01 
  4.490000000000000568E+01 
  4.500000000000000000E+01 
  4.509999999999999432E+01 
  4.520000000000000284E+01 
  4.529999999999999716E+01 
  4.540000000000000568E+01 
  4.550000000000000000E+01 
  4.559999999999999432E+01 
  4.570000000000000284E+01 
  4.579999999999999716E+01 
  4.590000000000000568E+01 
  4.600000000000000000E+01 
  4.609999999999999432E+01 
  4.620000000000000284E+01 
  4.629999999999999716E+01 
  4.640000000000000568E+01 
  4.650000000000000000E+01 
  4.659999999999999432E+01 
  4.670000000000000284E+01 
  4.679999999999999716E+01 
  4.690000000000000568E+01 
  4.700000000000000000E+01 
  4.709999999999999432E+01 
  4.720000000000000284E+01 
  4.729999999999999716E+01 
  4.740000000000000568E+01 
  4.750000000000000000E+01 
  4.759999999999999432E+01 
  4.770000000000000284E+01 
  4.779999999999999716E+01 
  4.790000000000000568E+01 
  4.800000000000000000E+01 
  4.809999999999999432E+01 
  4.820000000000000284E+01 
  4.829999999999999716E+01 
  4.840000000000000568E+01 
  4.850000000000000000E+01 
  4.859999999999999432E+01 
  4.870000000000000284E+01 
  4.879999999999999716E+01 
  4.890000000000000568E+01 
  4.900000000000000000E+01 
  4.909999999999999432E+01 
  4.920000000000000284E+01 
  4.929999999999999716E+01 
  4.940000000000000568E+01 
  4.950000000000000000E+01 
  4.959999999999999432E+01 
  4.970000000000000284E+01 
  4.979999999999999716E+01 
  4.990000000000000568E+01 
  5.000000000000000000E+01 
  5.009999999999999432E+01 
  5.020000000000000284E+01 
  5.029999999999999716E+01 
  5.040000000000000568E+01 
  5.050000000000000000E+01 
  5.059999999999999432E+01 
  5.070000000000000284E+01 
  5.079999999999999716E+01 
  5.090000000000000568E+01 
  5.100000000000000000E+01 
  5.109999999999999432E+01 
  5.120000000000000284E+01 
  5.129999999999999716E+01 
  5.140000000000000568E+01 
  5.150000000000000000E+01 
  5.159999999999999432E+01 
  5.170000000000000284E+01 
  5.179999999999999716E+01 
  5.190000000000000568E+01 
  5.200000000000000000E+01 
  5.209999999999999432E+01 
  5.220000000000000284E+01 
  5.229999999999999716E+01 
  5.240000000000000568E+01 
  5.250000000000000000E+01 
  5.259999999999999432E+01 
  5.270000000000000284E+01 
  5.279999999999999716E+01 
  5.290000000000000568E+01 
  5.300000000000000000E+01 
  5.309999999999999432E+01 
  5.320000000000000284E+01 
  5.329999999999999716E+01 
  5.340000000000000568E+01 
  5.350000000000000000E+01 
  5.359999999999999432E+01 
  5.370000000000000284E+01 
  5.379999999999999716E+01 
  5.390000000000000568E+01 
  5.400000000000000000E+01 
  5.409999999999999432E+01 
  5.420000000000000284E+01 
  5.429999999999999716E+01 
  5.440000000000000568E+01 
  5.450000000000000000E+01 
  5.459999999999999432E+01 
  5.470000000000000284E+01 
  5.479999999999999716E+01 
  5.490000000000000568E+01 
  5.500000000000000000E+01 
  5.509999999999999432E+01 
  5.520000000000000284E+01 
  5.529999999999999716E+01 
  5.540000000000000568E+01 
  5.550000000000000000E+01 
  5.559999999999999432E+01 
  5.570000000000000284E+01 
  5.579999999999999716E+01 
  5.590000000000000568E+01 
  5.600000000000000000E+01 
  5.609999999999999432E+01 
  5.620000000000000284E+01 
  5.629999999999999716E+01 
  5.640000000000000568E+01 
  5.650000000000000000E+01 
  5.659999999999999432E+01 
  5.670000000000000284E+01 
  5.679999999999999716E+01 
  5.690000000000000568E+01 
  5.700000000000000000E+01 
  5.709999999999999432E+01 
  5.720000000000000284E+01 
  5.729999999999999716E+01 
  5.740000000000000568E+01 
  5.750000000000000000E+01 
  5.759999999999999432E+01 
  5.770000000000000284E+01 
  5.779999999999999716E+01 
  5.790000000000000568E+01 
  5.800000000000000000E+01 
  5.809999999999999432E+01 
  5.820000000000000284E+01 
  5.829999999999999716E+01 
  5.840000000000000568E+01 
  5.850000000000000000E+01 
  5.859999999999999432E+01 
  5.870000000000000284E+01 
  5.879999999999999716E+01 
  5.890000000000000568E+01 
  5.900000000000000000E+01 
  5.909999999999999432E+01 
  5.920000000000000284E+01 
  5.929999999999999716E+01 
  5.940000000000000568E+01 
  5.950000000000000000E+01 
  5.959999999999999432E+01 
  5.970000000000000284E+01 
  5.979999999999999716E+01 
  5.990000000000000568E+01 
  6.000000000000000000E+01 
  6.009999999999999432E+01 
  6.020000000000000284E+01 
  6.029999999999999716E+01 
  6.040000000000000568E+01 
  6.050000000000000000E+01 
  6.059999999999999432E+01 
  6.070000000000000284E+01 
  6.079999999999999716E+01 
  6.090000000000000568E+01 
  6.100000000000000000E+01 
  6.109999999999999432E+01 
  6.120000000000000284E+01 
  6.129999999999999716E+01 
  6.140000000000000568E+01 
  6.150000000000000000E+01 
  6.159999999999999432E+01 
  6.170000000000000284E+01 
  6.179999999999999716E+01 
  6.190000000000000568E+01 
  6.200000000000000000E+01 
  6.209999999999999432E+01 
  6.220000000000000284E+01 
  6.229999999999999716E+01 
  6.240000000000000568E+01 
  6.250000000000000000E+01 
  6.259999999999999432E+01 
  6.270000000000000284E+01 
  6.279999999999999716E+01 
  6.290000000000000568E+01 
  6.300000000000000000E+01 
  6.309999999999999432E+01 
  6.320000000000000284E+01 
  6.329999999999999716E+01 
  6.340000000000000568E+01 
  6.350000000000000000E+01 
  6.359999999999999432E+01 
  6.370000000000000284E+01 
  6.379999999999999716E+01 
  6.390000000000000568E+01 
  6.400000000000000000E+01 
  6.409999999999999432E+01 
  6.420000000000000284E+01 
  6.429999999999999716E+01 
  6.440000000000000568E+01 
  6.450000000000000000E+01 
  6.459999999999999432E+01 
  6.470000000000000284E+01 
  6.479999999999999716E+01 
  6.490000000000000568E+01 
  6.500000000000000000E+01 
  6.509999999999999432E+01 
  6.520000000000000284E+01 
  6.529999999999999716E+01 
  6.540000000000000568E+01 
  6.550000000000000000E+01 
  6.559999999999999432E+01 
  6.570000000000000284E+01 
  6.579999999999999716E+01 
