    22 
  5.000000000000000000E+00 
  5.000000000000000000E-01 
  5.000000000000000000E+00 
  1.000000000000000000E+00 
  5.000000000000000000E+00 
  1.800000000000000044E+00 
  6.000000000000000000E+00 
  1.000000000000000178E+01 
  5.000000000000000000E-01 
  4.000000000000000777E-02 
  9.000000000000001776E+00 
  1.000000000000000000E+00 
  1.350000000000000000E+01 
  1.188762689392089840E+02 
  5.974166223813802690E-01 
  4.707686663948813077E+00 
  1.777576634737325634E-01 
  1.083100000000000023E+02 
  4.671774362338620978E-01 
  4.212679619516609963E-01 
  1.621087618871756564E-01 
  2.999999999999999556E+00 
