    22 
  5.000000000000000000E+00 
  5.000000000000000000E-01 
  5.000000000000000000E+00 
  1.000000000000000000E+00 
  5.000000000000000000E+00 
  5.481703675382680885E+00 
  6.000000000000000000E+00 
  3.749282242367526496E+00 
  5.000000000000000000E-01 
  4.000000000000000777E-02 
  9.000000000000001776E+00 
  1.000000000000000000E+00 
  9.000000000000001776E+00 
  1.274297314734472764E+02 
  6.341570050923964752E-01 
  4.702064815086403726E+00 
  6.006378104521613998E-02 
  1.054599999999999653E+02 
  4.476481866260811904E-01 
  8.553668094117077014E-02 
  1.652569694670965039E-01 
  2.999999999999999556E+00 
