   744 
  1.120044994421279796E+02 
  1.119464339030112967E+02 
  1.118467593093991894E+02 
  1.117005379185440859E+02 
  1.115028319876984284E+02 
  1.112487037741146167E+02 
  1.109332155350450648E+02 
  1.047133734698759611E+02 
  9.162476035024609189E+01 
  8.411019859491699435E+01 
  8.658726650905805400E+01 
  9.266464712639799473E+01 
  9.972644630025537538E+01 
  1.051622632831173263E+02 
  1.067338962381988523E+02 
  1.070578386834122853E+02 
  1.072742969135795192E+02 
  1.074266404314402337E+02 
  1.075582387397340938E+02 
  1.077124613412007932E+02 
  1.079326777385799829E+02 
  1.082867875345667272E+02 
  1.089725111176738608E+02 
  1.099072636147000566E+02 
  1.109467773540273043E+02 
  1.119467846640378212E+02 
  1.127630178731135544E+02 
  1.132512093096365788E+02 
  1.115332095716872089E+02 
  9.991594319283090897E+01 
  8.849563898225400749E+01 
  8.816467199487512119E+01 
  9.479308092274990827E+01 
  1.037381170188457986E+02 
  1.111062892441350556E+02 
  1.127228871083175079E+02 
  1.026767993491301212E+02 
  9.063781679546963232E+01 
  8.896390638562183995E+01 
  9.356045292679775116E+01 
  1.004612747671190931E+02 
  1.071480382463176966E+02 
  1.111024097041256340E+02 
  1.077752553314264361E+02 
  9.583915392684828305E+01 
  8.741692765029412726E+01 
  8.888555670701765621E+01 
  9.379201354336963448E+01 
  1.000640122139967190E+02 
  1.057507786699341210E+02 
  1.089015388622183025E+02 
  1.051841716269056946E+02 
  9.373128034445461765E+01 
  8.622082974848480319E+01 
  8.800191218601385401E+01 
  9.302167749086413551E+01 
  9.913236874567019186E+01 
  1.042333495765819151E+02 
  1.063378958285265981E+02 
  1.070367929551380115E+02 
  1.075816318655825938E+02 
  1.080087920443296525E+02 
  1.083546529758485377E+02 
  1.086555941446086280E+02 
  1.089479950350792450E+02 
  1.092676793380798301E+02 
  1.096017743833827751E+02 
  1.099251166649707869E+02 
  1.102321440638902601E+02 
  1.105172944611875607E+02 
  1.107750057379091118E+02 
  1.109997157751012793E+02 
  1.111868933251028437E+02 
  1.113640421031725793E+02 
  1.115385469568558108E+02 
  1.117008752737148001E+02 
  1.118414944413117809E+02 
  1.119508718472090010E+02 
  1.120194748789686798E+02 
  1.120336016105599128E+02 
  1.118235970165589919E+02 
  1.113769824636385550E+02 
  1.107931739009244581E+02 
  1.101715872775425424E+02 
  1.096116385426186781E+02 
  1.092127436452786355E+02 
  1.090741603989931718E+02 
  1.092240864221226104E+02 
  1.095781921222241948E+02 
  1.100538136624670358E+02 
  1.105682872060204147E+02 
  1.110389489160534424E+02 
  1.113831349557353292E+02 
  1.115181814882352143E+02 
  1.046993668209600656E+02 
  9.235374381876999905E+01 
  8.708865668263726434E+01 
  9.169767766909609463E+01 
  1.004192166414005669E+02 
  1.091612159021911310E+02 
  1.138316177541102121E+02 
  1.084046268146236258E+02 
  9.530365857867326440E+01 
  8.762241318144111801E+01 
  9.043009352520731170E+01 
  9.720431263109246345E+01 
  1.048083474826138968E+02 
  1.101108179075594506E+02 
  1.089932072601210251E+02 
  9.815205534838973733E+01 
  8.816517807135326734E+01 
  8.831799860774518152E+01 
  9.366256997368513737E+01 
  1.007612305406109670E+02 
  1.067748197634656435E+02 
  1.091542893845026185E+02 
  1.101808455572580101E+02 
  1.110600207351025261E+02 
  1.117847996384065823E+02 
  1.123481669875410205E+02 
  1.127431075028763416E+02 
  1.129626059047832740E+02 
  1.122703943832397471E+02 
  1.026535959236988873E+02 
  9.154646279113212870E+01 
  9.024192839097786134E+01 
  9.702507244218378446E+01 
  1.062513328931103729E+02 
  1.129851210574537532E+02 
  1.138745589960807791E+02 
  1.137834766270405851E+02 
  1.135962799843227060E+02 
  1.133034602946805336E+02 
  1.128955087848675447E+02 
  1.123629166816370315E+02 
  1.116961752117425846E+02 
  1.049854890228358784E+02 
  9.267580284165694593E+01 
  8.768619031228556082E+01 
  9.151216672249178430E+01 
  9.860067320804573399E+01 
  1.057842048414253640E+02 
  1.098952566951086567E+02 
  1.058874171890544744E+02 
  9.434796941631496736E+01 
  8.721577249480465355E+01 
  8.975994329548665007E+01 
  9.607244149301727987E+01 
  1.030930771753315014E+02 
  1.077746062331294894E+02 
  1.091078952165112099E+02 
  1.101499952298925535E+02 
  1.110299948078739760E+02 
  1.117393570573970862E+02 
  1.122695450854039336E+02 
  1.126120219988362265E+02 
  1.127582509046359007E+02 
  1.081410777400342624E+02 
  9.540653959941049322E+01 
  8.680439002535341331E+01 
  8.921225704482927199E+01 
  9.640327712950241335E+01 
  1.047333653319664393E+02 
  1.106429337841222065E+02 
  1.097277401271542345E+02 
  9.885040212779954061E+01 
  8.826908370460806452E+01 
  8.780303433003692248E+01 
  9.356057689525152909E+01 
  1.015575516493439210E+02 
  1.085717540040001268E+02 
  1.113679532461243866E+02 
  1.038928568720650958E+02 
  9.151164628961035419E+01 
  8.648258423309549414E+01 
  8.979620160780390847E+01 
  9.607359460703303000E+01 
  1.026326133443377557E+02 
  1.067911079332758391E+02 
  1.044084282620975159E+02 
  9.361763906999001961E+01 
  8.492218540430346252E+01 
  8.601733502911761775E+01 
  9.178772564256837541E+01 
  9.888659635325154795E+01 
  1.042533182012372919E+02 
  1.055678338552502993E+02 
  1.059138814666871582E+02 
  1.061410716641381384E+02 
  1.063030942831726406E+02 
  1.064536391593599518E+02 
  1.066463961282694868E+02 
  1.069350550254705325E+02 
  1.074487204498389872E+02 
  1.083290008234473021E+02 
  1.094374765661056443E+02 
  1.106241231310705473E+02 
  1.117389159715980043E+02 
  1.126318305409444633E+02 
  1.131646318544576104E+02 
  1.135482081321008963E+02 
  1.139029095200475439E+02 
  1.142146751644057616E+02 
  1.144694442112839141E+02 
  1.146531558067903376E+02 
  1.147517490970332972E+02 
  1.126046497414869805E+02 
  1.004534725793278653E+02 
  8.925979905846517681E+01 
  8.946191975471401747E+01 
  9.560310412907395516E+01 
  1.037945428335649751E+02 
  1.108074888916018637E+02 
  1.133699939165326072E+02 
  1.052469054223421665E+02 
  9.272584975064185642E+01 
  8.834501339516019414E+01 
  9.117160067430801007E+01 
  9.645015457380893054E+01 
  1.024229929285361749E+02 
  1.073324335733602339E+02 
  1.094207943431543697E+02 
  1.034591516969147875E+02 
  9.278460491071035676E+01 
  8.889223686862244733E+01 
  9.208835418826166119E+01 
  9.813897078282764141E+01 
  1.050686546281484510E+02 
  1.109019737000548105E+02 
  1.136634959743768576E+02 
  1.080844455357657381E+02 
  9.580250420198601091E+01 
  8.918009769042063795E+01 
  9.112363316320296747E+01 
  9.573249859189832023E+01 
  1.014295756593975000E+02 
  1.066377460485938968E+02 
  1.097798914423781440E+02 
  1.073470342713692673E+02 
  9.582950222833514431E+01 
  8.650082242877483907E+01 
  8.729848286411464642E+01 
  9.207375825650817092E+01 
  9.831530823787360873E+01 
  1.038668466479588517E+02 
  1.065720873265092763E+02 
  1.013700767288422071E+02 
  8.997518126038994524E+01 
  8.401893528715334014E+01 
  8.781720556520288312E+01 
  9.599042005412668743E+01 
  1.047009083935099625E+02 
  1.101110002229338534E+02 
  1.070226515496844684E+02 
  9.501893206993408114E+01 
  8.593164855297382587E+01 
  8.802452391144085198E+01 
  9.596295828818541906E+01 
  1.053276750731774030E+02 
  1.118699624913252535E+02 
  1.131074871871997658E+02 
  1.136339117814719799E+02 
  1.140661735955532521E+02 
  1.144069560586522556E+02 
  1.146589425999775358E+02 
  1.148248166487376238E+02 
  1.149072616341410793E+02 
  1.130665963753795893E+02 
  1.018470406015313188E+02 
  9.093774871287727990E+01 
  9.053026396338074733E+01 
  9.637464752111321786E+01 
  1.043249229942007617E+02 
  1.110116633180747669E+02 
  1.129067579609103120E+02 
  1.039419952368718612E+02 
  9.139988017363639017E+01 
  8.722263839831212806E+01 
  9.057090564599324978E+01 
  9.625066013647254692E+01 
  1.015665408954163098E+02 
  1.038247321904096339E+02 
  1.027384945057705181E+02 
  1.000498513216288075E+02 
  9.641018698737518378E+01 
  9.247088585240202008E+01 
  8.888333226609968563E+01 
  8.629891057786051078E+01 
  8.536866065146267601E+01 
  8.638248917577236341E+01 
  8.889372720318607435E+01 
  9.240767493495528129E+01 
  9.642963257232983665E+01 
  1.004649003165610992E+02 
  1.040187783689004277E+02 
  1.074155865766810507E+02 
  1.113391394656978122E+02 
  1.152805809491213438E+02 
  1.187209030728764958E+02 
  1.211410978828877916E+02 
  1.220156165937218447E+02 
  1.153669051501586580E+02 
  1.044816752032502052E+02 
  1.012383609567110199E+02 
  1.081879438221085081E+02 
  1.180456613352536124E+02 
  1.234491472993161665E+02 
  1.162612054959638783E+02 
  1.019287242390316806E+02 
  9.500454812451290820E+01 
  9.858246509297480031E+01 
  1.059704038026388986E+02 
  1.138838627524675218E+02 
  1.190383404414262998E+02 
  1.168852210310739110E+02 
  1.055605768044576251E+02 
  9.631422281014464204E+01 
  9.651999515805285057E+01 
  9.928455649273189465E+01 
  1.028119013054491688E+02 
  1.057519703430396163E+02 
  1.067749013213777403E+02 
  1.063219325216187485E+02 
  1.052856751813616825E+02 
  1.038473502408227631E+02 
  1.021881786402189221E+02 
  1.004893813197662240E+02 
  9.893217921968165740E+01 
  9.769779328018145748E+01 
  9.676197459298494152E+01 
  9.591080756842784183E+01 
  9.512052513662162312E+01 
  9.436835770322846884E+01 
  9.363153567391023557E+01 
  9.288728945432873729E+01 
  9.211287676370361055E+01 
  9.129729588694895881E+01 
  9.045869847895187377E+01 
  8.961961391981165548E+01 
  8.880257158962760400E+01 
  8.803010086849937466E+01 
  8.732473113652619645E+01 
  8.669013566081076760E+01 
  8.604245645151826238E+01 
  8.540261500742782630E+01 
  8.481113886343213437E+01 
  8.430855555442352056E+01 
  8.393539261529464568E+01 
  8.373164625694974461E+01 
  8.363229971330571288E+01 
  8.356208381688925613E+01 
  8.350851953833418406E+01 
  8.345912784827434905E+01 
  8.340142971734357502E+01 
  8.332294611617568592E+01 
  8.319296382965455905E+01 
  8.300011057029746553E+01 
  8.278174051080999618E+01 
  8.257566759246472543E+01 
  8.241970575653422770E+01 
  8.235166894429113427E+01 
  8.279765349603059121E+01 
  8.406070534781501635E+01 
  8.572179775702417714E+01 
  8.735748332214265588E+01 
  8.854431464165423904E+01 
  8.887040896780979438E+01 
  8.842606977092425780E+01 
  8.755553798889135919E+01 
  8.650951514238586526E+01 
  8.553870275208299745E+01 
  8.489380233865743719E+01 
  8.478715631499713368E+01 
  8.498474496859600436E+01 
  8.531564708326219204E+01 
  8.568111194709392464E+01 
  8.598238884818960059E+01 
  8.612072707464746202E+01 
  8.588065875962834639E+01 
  8.519298576389526545E+01 
  8.427577388651927492E+01 
  8.334866041073765075E+01 
  8.263128261978812361E+01 
  8.229796843548857055E+01 
  8.209276519495253410E+01 
  8.192642333684288758E+01 
  8.179027396290372565E+01 
  8.167564817487921403E+01 
  8.157387644033539686E+01 
  8.147308640014908576E+01 
  8.137445512635774492E+01 
  8.128851117427986139E+01 
  8.122578309923399331E+01 
  8.119679945653862774E+01 
  8.123834538798033122E+01 
  8.137755907955106238E+01 
  8.156137455994138463E+01 
  8.173488747731656190E+01 
  8.184319347984188653E+01 
  8.187001465224770413E+01 
  8.188863117334850017E+01 
  8.190314684776033971E+01 
  8.191304221216064718E+01 
  8.191779780322687543E+01 
  8.188969188560383827E+01 
  8.176165189901942654E+01 
  8.158383202796044031E+01 
  8.141549403965854026E+01 
  8.131589970134527334E+01 
  8.131642079821939717E+01 
  8.135442786166431972E+01 
  8.141421375456874898E+01 
  8.148557648718636415E+01 
  8.155831406977088704E+01 
  8.162466533160544202E+01 
  8.169082171361289113E+01 
  8.176653953273216757E+01 
  8.186146532374479534E+01 
  8.198524562143228422E+01 
  8.222024737152622720E+01 
  8.262485124899613709E+01 
  8.312159856586158924E+01 
  8.363220061214390455E+01 
  8.407847280216367380E+01 
  8.442822703843020804E+01 
  8.473816922646211935E+01 
  8.507114405074045749E+01 
  8.548999619574613007E+01 
  8.609067656401273894E+01 
  8.716562336111292097E+01 
  8.859176813356903324E+01 
  9.014740387125446830E+01 
  9.161082356404183713E+01 
  9.291313333090842264E+01 
  9.438317874597751711E+01 
  9.578011865026837768E+01 
  9.680382012704556871E+01 
  9.714748892201642150E+01 
  9.581937738161907703E+01 
  9.299398910197875523E+01 
  8.971188469826047651E+01 
  8.701362478562776914E+01 
  8.587594828965610816E+01 
  8.552838100967693435E+01 
  8.531771113598381362E+01 
  8.511846648911333091E+01 
  8.480517488960195749E+01 
  8.392678123654721389E+01 
  8.136270895202680720E+01 
  7.797759789868149483E+01 
  7.485875025152824946E+01 
  7.309346818558240955E+01 
  7.329448966660554277E+01 
  7.454690684554311986E+01 
  7.642975835588536881E+01 
  7.857483465784289933E+01 
  8.066149730311605026E+01 
  8.321189758021910166E+01 
  8.613971748845838761E+01 
  8.900447466453047696E+01 
  9.136568674513070221E+01 
  9.302725922511915257E+01 
  9.438826982845667146E+01 
  9.559122562755396757E+01 
  9.676377484576325116E+01 
  9.803155593032209936E+01 
  9.936762974573308327E+01 
  1.007130762415093272E+02 
  1.020692452750126051E+02 
  1.034374867036046908E+02 
  1.048230682707136907E+02 
  1.062417363896739033E+02 
  1.076754757494838231E+02 
  1.091013408463613104E+02 
  1.104963861765242115E+02 
  1.118576914615659916E+02 
  1.132348915927718878E+02 
  1.145977897879802327E+02 
  1.159076022309421887E+02 
  1.171255451054088468E+02 
  1.182199548853788542E+02 
  1.193505092805234398E+02 
  1.205183556854907749E+02 
  1.216168132397856709E+02 
  1.225392010829129390E+02 
  1.231788383543769498E+02 
  1.234290441936825147E+02 
  1.145467848787159397E+02 
  9.868370735807212668E+01 
  9.399748447819361274E+01 
  9.851971332717783980E+01 
  1.063487111852190594E+02 
  1.148177288514635137E+02 
  1.212600171250608980E+02 
  1.226856654088200145E+02 
  1.114777426906713913E+02 
  9.805442256238009691E+01 
  9.666886106254382582E+01 
  1.018649096452074332E+02 
  1.096652637368178631E+02 
  1.175657834249251721E+02 
  1.230623287970833388E+02 
  1.241624834168122788E+02 
  1.241317925741298467E+02 
  1.240614464083907507E+02 
  1.239456874880273176E+02 
  1.237787583814718317E+02 
  1.235549016571566625E+02 
  1.232683598835141225E+02 
  1.229133756289764676E+02 
  1.190526000072294721E+02 
  1.053196488844976102E+02 
  9.553165295324802742E+01 
  9.689290229619045647E+01 
  1.015277982617920145E+02 
  1.077072968418878247E+02 
  1.138390242071032645E+02 
  1.183306065280604997E+02 
  1.196718790794797513E+02 
  1.196222696930617957E+02 
  1.194933612509957470E+02 
  1.192757205815069455E+02 
  1.189599145128208590E+02 
  1.185365098731628564E+02 
  1.179960734907582491E+02 
  1.167348341826661908E+02 
  1.063972874609194719E+02 
  9.530992572535701868E+01 
  9.494927445335034122E+01 
  1.002621464440824468E+02 
  1.078616557570112917E+02 
  1.152350141259876466E+02 
  1.198694332848585020E+02 
  1.173422322333274366E+02 
  1.041324799112937285E+02 
  9.407107578258485603E+01 
  9.475786914986741749E+01 
  9.807241196572694264E+01 
  1.029305937256061583E+02 
  1.084957537552404574E+02 
  1.139312313803627887E+02 
  1.184003659267090001E+02 
  1.210664967200123385E+02 
  1.192817740274655876E+02 
  1.062364206534549140E+02 
  9.417154286546791297E+01 
  9.350191425381071042E+01 
  9.607033581567759484E+01 
  1.001480216536978105E+02 
  1.050378520098336423E+02 
  1.100427071260451157E+02 
  1.144654672442949845E+02 
  1.176090126065434447E+02 
  1.187727834391428843E+02 
  1.108633744432637656E+02 
  9.723194858764541948E+01 
  9.160121011475582975E+01 
  9.307283998507283229E+01 
  9.624431153242898063E+01 
  1.004246322051830305E+02 
  1.049228094516918190E+02 
  1.090478507203145284E+02 
  1.121087634594080384E+02 
  1.134145551173310622E+02 
  1.075316001980963705E+02 
  9.534500794625324716E+01 
  8.912270823910537842E+01 
  9.046440505218726003E+01 
  9.368430349602500939E+01 
  9.797975330106551439E+01 
  1.025481041977536876E+02 
  1.065867059165368289E+02 
  1.092929081878599504E+02 
  1.093581923763887715E+02 
  9.991619122990579172E+01 
  8.870598565514542599E+01 
  8.669435670177257691E+01 
  8.942554124502568413E+01 
  9.402000822214961318E+01 
  9.939129557257912495E+01 
  1.044529412357465645E+02 
  1.081184831510870197E+02 
  1.092052949528635395E+02 
  1.012534295482658706E+02 
  8.931511992177755133E+01 
  8.496454864670300822E+01 
  8.709862333029997217E+01 
  9.137476250767245745E+01 
  9.670837656171900676E+01 
  1.020148758753387312E+02 
  1.062096708314284257E+02 
  1.082081718128874002E+02 
  1.036134331178913754E+02 
  9.233709149338416466E+01 
  8.544303901412034463E+01 
  8.680165091301448399E+01 
  9.063334255138742890E+01 
  9.581416968049690297E+01 
  1.012427972058641927E+02 
  1.058178900330107410E+02 
  1.084381130674560154E+02 
  1.061159821112540982E+02 
  9.541287165238898638E+01 
  8.606030004815394818E+01 
  8.584015444706047049E+01 
  8.935454598173761553E+01 
  9.461505299540581859E+01 
  1.003282566147373700E+02 
  1.052007379664068907E+02 
  1.079390781770884757E+02 
  1.050190592924583370E+02 
  9.371826506166760851E+01 
  8.494381641484520173E+01 
  8.536402774152581685E+01 
  8.848861931520741564E+01 
  9.302335269269767082E+01 
  9.801542935791046318E+01 
  1.025120507947571866E+02 
  1.055604184871514235E+02 
  1.057880625866323356E+02 
  9.738768335215257821E+01 
  8.708930140717809820E+01 
  8.470742345325470524E+01 
  8.687013019792074431E+01 
  9.073466673122590009E+01 
  9.545435156628424522E+01 
  1.001825032162121119E+02 
  1.040724401941233168E+02 
  1.062774810131337944E+02 
  1.040102766839555386E+02 
  9.346874972183489660E+01 
  8.440219889364308870E+01 
  8.414268313706867275E+01 
  8.660445581013077287E+01 
  9.029564230147876458E+01 
  9.438274171735878326E+01 
  9.803225316401905332E+01 
  1.004106757477057243E+02 
  9.991501000868278481E+01 
  9.124113015690095096E+01 
  8.144233918984141951E+01 
  7.931194874668423722E+01 
  8.155360494535734972E+01 
  8.537456743888787969E+01 
  8.972893801876166719E+01 
  9.357081847646259121E+01 
  9.585431060347664811E+01 
  9.410587497599040319E+01 
  8.548125272721250667E+01 
  7.813464531234157562E+01 
  7.876829464491449073E+01 
  8.381961045517286379E+01 
  9.073506000399666505E+01 
  9.726869902805384527E+01 
  1.011745832640121421E+02 
  9.913521686571324665E+01 
  9.032783037151415328E+01 
  8.323485019566105336E+01 
  8.430983397013889658E+01 
  8.992186764485141737E+01 
  9.699635165336077591E+01 
  1.026657363215554426E+02 
  1.042695616328173855E+02 
  1.042416178760749688E+02 
  1.041720411881328090E+02 
  1.040554930876500492E+02 
  1.038866350932858467E+02 
  1.036601287236993869E+02 
  1.033706354975497987E+02 
  1.030128169334961825E+02 
  1.007062678483701745E+02 
  9.096132467834651436E+01 
  8.251779189846968166E+01 
  8.259937508999367139E+01 
  8.599508979321878144E+01 
  9.074311226141037423E+01 
  9.539712402936419267E+01 
  9.851080663187352116E+01 
  9.902899228339461501E+01 
  9.891302743678291165E+01 
  9.870979463609540971E+01 
  9.845666773746731337E+01 
  9.819102059703394048E+01 
  9.795022707093050940E+01 
  9.777166101529225273E+01 
  9.769269628625448831E+01 
  9.797085155666508172E+01 
  9.885011947556101575E+01 
  1.001387712470317837E+02 
  1.016404234557519572E+02 
  1.031586926863954261E+02 
  1.044971955236369183E+02 
  1.054595485521503804E+02 
  1.059557032756179069E+02 
  1.063704141235483718E+02 
  1.067517971566188351E+02 
  1.070882863395691231E+02 
  1.073683156371388776E+02 
  1.075803190140678396E+02 
  1.077127304350957502E+02 
  1.077056772895170838E+02 
  1.010820928492164512E+02 
  9.113337809541916101E+01 
  8.836557948124448103E+01 
  9.033893812879595941E+01 
  9.395807856533298263E+01 
  9.837684048803592418E+01 
  1.027490635940830543E+02 
  1.062285875806545761E+02 
  1.079692521449301665E+02 
  1.038473665891036006E+02 
  9.249404444043308615E+01 
  8.541275487505569686E+01 
  8.613945289825934992E+01 
  8.827156218443681723E+01 
  9.125018320631552626E+01 
  9.454291864584496352E+01 
  9.761737118497289600E+01 
  9.994114350564861127E+01 
  1.009818382898209137E+02 
  9.630624837773287084E+01 
  8.584290837470125268E+01 
  8.009918015004654990E+01 
  8.146113029882235423E+01 
  8.480345802840615477E+01 
  8.910119343374270784E+01 
  9.332936660977871668E+01 
  9.646300765145868183E+01 
  9.770121121041026413E+01 
  9.835044091568572355E+01 
  9.885507032549722339E+01 
  9.925740165781358826E+01 
  9.959973713060338696E+01 
  9.992437896183535884E+01 
  1.002736293694782432E+02 
  1.006897905715006232E+02 
  1.012238536491761209E+02 
  1.019034292787181073E+02 
  1.026671055867078479E+02 
  1.034475686294372991E+02 
  1.041775044631981331E+02 
  1.047895991442823913E+02 
  1.052165387289817744E+02 
  1.053910092735882529E+02 
