   560 
  4.139910269665502796E+00 
  4.194111821917815952E+00 
  4.251728832470732300E+00 
  4.312286932115845239E+00 
  4.375311751644726854E+00 
  4.440328921848967880E+00 
  4.560875878089089674E+00 
  4.688822993980531706E+00 
  4.822272792689622278E+00 
  4.959327797382691472E+00 
  5.098090531226064925E+00 
  5.236663517386070055E+00 
  5.373149279029036052E+00 
  5.505650339321288556E+00 
  5.632269221429158534E+00 
  5.751108448518969851E+00 
  5.860270543757049033E+00 
  5.957858030309729713E+00 
  6.041996665597407556E+00 
  6.112016208863844113E+00 
  6.168093199492625800E+00 
  6.210638068539950041E+00 
  6.240295138734634151E+00 
  6.257942624478086024E+00 
  6.264692631844335224E+00 
  6.261891158580004557E+00 
  6.251118094104329614E+00 
  6.234187219509161437E+00 
  6.213122973304869845E+00 
  6.188979683851091984E+00 
  6.162198791040225387E+00 
  6.133221734764669364E+00 
  6.102489954916824999E+00 
  6.070444891389092490E+00 
  6.037527984073870257E+00 
  6.004180672863557611E+00 
  5.970844397650554747E+00 
  5.937960598327262751E+00 
  5.905970714786080933E+00 
  5.875316186919406825E+00 
  5.846438454619642400E+00 
  5.819778957779186968E+00 
  5.795779136290439837E+00 
  5.774880430045801205E+00 
  5.757905699222453322E+00 
  5.746072510719230308E+00 
  5.740300668165550846E+00 
  5.741205771926165546E+00 
  5.749099219101154290E+00 
  5.763988203525919118E+00 
  5.785575715771201999E+00 
  5.813260543143066172E+00 
  5.846137269682901483E+00 
  5.882996276167432370E+00 
  5.921942319823923384E+00 
  5.960381247893321799E+00 
  5.995631682167188004E+00 
  6.024695292225937138E+00 
  6.044921683508396981E+00 
  6.054107822823024954E+00 
  6.050498038347873475E+00 
  6.032784019630618388E+00 
  6.000104817588557182E+00 
  5.952046844508584122E+00 
  5.888643874047223115E+00 
  5.810377041230598394E+00 
  5.718255627908579442E+00 
  5.614053229511803522E+00 
  5.499642866982088485E+00 
  5.376897561261262837E+00 
  5.247690333291144427E+00 
  5.113894204013559097E+00 
  4.977382194370330915E+00 
  4.840027325303282169E+00 
  4.703702617754236037E+00 
  4.570281092665017475E+00 
  4.441635770977449660E+00 
  4.319639673633353105E+00 
  4.206165821574555430E+00 
  4.103087235742874483E+00 
  4.012276937080139660E+00 
  3.935331001825146391E+00 
  3.872607423701687424E+00 
  3.824114052366014871E+00 
  3.789625459187159429E+00 
  3.768682937246962350E+00 
  3.760594501340052798E+00 
  3.764434887973848731E+00 
  3.779045555368576004E+00 
  3.803034683457244824E+00 
  3.834777173885671520E+00 
  3.872691594715489849E+00 
  3.916201318236120610E+00 
  3.964846582517343343E+00 
  4.018167625628931816E+00 
  4.075704685640666014E+00 
  4.136998000622322813E+00 
  4.201587808643677313E+00 
  4.269014347774508167E+00 
  4.338817856084590474E+00 
  4.410538571643703776E+00 
  4.483716732521624060E+00 
  4.557892576788127315E+00 
  4.632606342512991304E+00 
  4.707398267765993793E+00 
  4.781808590616910770E+00 
  4.855377549135519111E+00 
  4.927645381391597468E+00 
  4.998152325454920053E+00 
  5.066438619395267295E+00 
  5.132044501282413407E+00 
  5.194510209186136152E+00 
  5.253375981176212406E+00 
  5.308182055322419934E+00 
  5.358468669694536501E+00 
  5.403776062362338095E+00 
  5.443644471395598927E+00 
  5.477602634047549657E+00 
  5.501773394885061563E+00 
  5.510135896136475253E+00 
  5.497465671075086213E+00 
  5.459334644019181226E+00 
  5.392111130332045477E+00 
  5.292959836421904818E+00 
  5.159841859742003933E+00 
  4.991514688790529952E+00 
  4.787532203110663076E+00 
  4.548256174107136118E+00 
  4.278250656915974837E+00 
  3.985019800056761596E+00 
  3.676067752049050341E+00 
  3.358898661412413222E+00 
  3.041016676666419727E+00 
  2.729925946330639341E+00 
  2.433130618924631783E+00 
  2.158134842967974976E+00 
  1.912442766980240849E+00 
  1.701923662105110591E+00 
  1.528001654404631982E+00 
  1.391049136787319007E+00 
  1.290559263311980676E+00 
  1.225145949187655514E+00 
  1.192543870773617787E+00 
  1.189608465579428564E+00 
  1.212315932264870444E+00 
  1.255763230640005723E+00 
  1.147809374398244930E+00 
  1.764701351621582592E+00 
  2.973276958714647034E+00 
  4.664500281498697554E+00 
  6.748970466337022245E+00 
  9.153385839325537177E+00 
  1.181764897193577113E+01 
  1.469249650922892059E+01 
  1.773755863732372262E+01 
  2.091977030973594864E+01 
  2.437842917678910482E+01 
  2.721013955565156905E+01 
  2.952854792663626426E+01 
  3.142670015815498985E+01 
  3.298077576412290313E+01 
  3.425314525533707410E+01 
  3.529487328707237026E+01 
  3.614776806299740741E+01 
  3.684605924518685072E+01 
  3.741777171064849483E+01 
  3.788585028803994703E+01 
  3.826908061420734697E+01 
  3.858284306775269812E+01 
  3.883973003763149734E+01 
  3.905005129993627122E+01 
  3.922224778541136914E+01 
  3.936323034364178142E+01 
  3.947865709971262760E+01 
  3.957316053463586059E+01 
  3.965053340307901664E+01 
  3.971388094992728668E+01 
  3.976574553466400630E+01 
  3.980820866518358514E+01 
  3.984297453601192274E+01 
  3.987143842361662394E+01 
  3.989474268375074928E+01 
  3.991382259820028366E+01 
  3.992944391092621714E+01 
  3.994223356005837644E+01 
  3.995270483912396742E+01 
  3.996127799731901575E+01 
  3.996829710558431259E+01 
  3.997404386538029541E+01 
  3.997874891435581901E+01 
  3.998260108264681634E+01 
  3.998575497129267831E+01 
  3.998833715691883839E+01 
  3.999045127170113290E+01 
  3.999218216248893043E+01 
  3.999359929600711894E+01 
  3.999475954679967060E+01 
  3.999570947980483027E+01 
  3.999648721916950933E+01 
  3.999712397830525390E+01 
  3.999764531259199174E+01 
  3.999807214500518171E+01 
  3.999842160582826267E+01 
  3.999870772015113118E+01 
  3.999894197074614510E+01 
  3.999913375891221534E+01 
  3.999929078178185193E+01 
  3.999941934123415876E+01 
  3.999952459681136219E+01 
  3.999961077278935306E+01 
  3.999968132771270746E+01 
  3.999973909319824372E+01 
  3.999978638757771421E+01 
  3.999982510894063381E+01 
  3.999985681131126114E+01 
  3.999988276701703427E+01 
  3.999990401775156812E+01 
  3.999992141638146137E+01 
  3.999993566117480981E+01 
  3.999994732382520368E+01 
  3.999995687239574238E+01 
  3.999996469010409328E+01 
  3.999997109070233137E+01 
  3.999997633106894313E+01 
  3.999998062151824740E+01 
  3.999998413424104626E+01 
  3.999998701021522862E+01 
  3.999998936486372969E+01 
  3.999999129268687170E+01 
  3.999999287105496393E+01 
  3.999999416331346680E+01 
  3.999999522132523566E+01 
  3.999999608755201308E+01 
  3.999999679675850928E+01 
  3.999999737740768069E+01 
  3.999999785280301978E+01 
  3.999999824202379983E+01 
  3.999999856069082682E+01 
  3.999999882159330866E+01 
  3.999999903520220812E+01 
  3.999999921009037251E+01 
  3.999999935327669931E+01 
  3.999999947050774551E+01 
  3.999999956648840538E+01 
  3.999999964507073003E+01 
  3.999999970940849181E+01 
  3.999999976208378882E+01 
  3.999999980521069176E+01 
  3.999999984052000457E+01 
  3.999999986942881236E+01 
  3.999999989309735327E+01 
  3.999999991247552344E+01 
  3.999999992834101192E+01 
  3.999999994133058578E+01 
  3.999999995196554892E+01 
  3.999999996067271724E+01 
  3.999999996780154277E+01 
  3.999999997363813975E+01 
  3.999999997841673149E+01 
  3.999999998232911480E+01 
  3.999999998553230540E+01 
  3.999999998815485469E+01 
  3.999999999030201536E+01 
  3.999999999205996204E+01 
  3.999999999349925162E+01 
  3.999999999467763701E+01 
  3.999999999564241904E+01 
  3.673434092016399433E+01 
  3.347565825817478924E+01 
  3.022253072667880502E+01 
  2.697345624204779213E+01 
  2.372685192002220944E+01 
  2.048105253361094569E+01 
  1.723261996127801154E+01 
  1.397700046512487759E+01 
  1.071024425127085422E+01 
  7.429005469853445121E+00 
  7.396201291296978120E+00 
  7.337058263875474218E+00 
  7.251463652804562621E+00 
  7.139989467946511681E+00 
  7.003892463810276858E+00 
  6.845115681652572448E+00 
  6.667979001291835850E+00 
  6.478521862926436725E+00 
  6.282783706754737629E+00 
  6.086803972975106447E+00 
  5.896622101785905734E+00 
  5.718277533385506040E+00 
  5.557809707972264590E+00 
  5.419347198745070315E+00 
  5.303760639170548075E+00 
  5.211265904888559675E+00 
  5.141452039717163913E+00 
  5.093281255652561512E+00 
  5.065088932869150185E+00 
  5.054583619719484666E+00 
  5.058847032734278493E+00 
  5.074334056622434197E+00 
  5.096872744271012223E+00 
  5.123575183744738304E+00 
  5.154184571018755712E+00 
  5.188472028073128683E+00 
  5.226208676887923232E+00 
  5.267165639443202707E+00 
  5.311114037719034897E+00 
  5.357824993695483151E+00 
  5.407069629352612594E+00 
  5.458619066670487463E+00 
  5.512244427629171994E+00 
  5.567716834208733978E+00 
  5.624807408389235874E+00 
  5.683287272150744585E+00 
  5.742927547473323457E+00 
  5.803499356337039394E+00 
  5.864773820721953967E+00 
  5.926522062608134078E+00 
  5.988515203975645740E+00 
  6.050524366804552301E+00 
  6.112320673074918886E+00 
  6.173675244766811510E+00 
  6.234359203860294407E+00 
  6.294143672335431816E+00 
  6.352799772172288861E+00 
  6.410098625350931556E+00 
  6.465811353851424137E+00 
  6.519709079653831729E+00 
  6.571562924738219458E+00 
  6.621144011084652448E+00 
  6.668223460673194047E+00 
  6.712572395483912047E+00 
  6.753961937496866241E+00 
  6.792163208692127974E+00 
  6.826947331049757040E+00 
  6.858085426549823005E+00 
  6.885348617172388330E+00 
  6.908508024897514588E+00 
  6.926241205233695908E+00 
  6.936139735815101126E+00 
  6.936016621815904948E+00 
  6.923907375356513683E+00 
  6.898070015503583008E+00 
  6.856985068270025963E+00 
  6.799355566614974755E+00 
  6.724107050443831390E+00 
  6.630387566608220595E+00 
  6.517567668906020018E+00 
  6.386333984552939214E+00 
  6.238681625585227764E+00 
  6.076606783445400950E+00 
  5.902105649575959845E+00 
  5.717174415419411737E+00 
  5.523809272418271021E+00 
  5.324006412015040546E+00 
  5.119762025652231152E+00 
  4.913072304772349241E+00 
  4.705933440817903879E+00 
  4.500341625231402354E+00 
  4.298293049455353732E+00 
  4.101783904932263525E+00 
  3.912810383104642575E+00 
  3.733368675415000837E+00 
  3.565454973305839381E+00 
  3.411065468219673935E+00 
  3.272196351599003350E+00 
  3.150843814886344685E+00 
  3.048879148319123544E+00 
  2.967476534540966604E+00 
  2.907406572113675924E+00 
  2.869091529782822558E+00 
  2.852605346477795845E+00 
  2.857673631311764328E+00 
  2.883673663581678426E+00 
  2.929634392768305950E+00 
  2.994236438536183265E+00 
  3.075812090733662352E+00 
  3.172470210597961859E+00 
  3.282668437143868800E+00 
  3.404919663651829076E+00 
  3.537736783402274821E+00 
  3.679632689675648827E+00 
  3.829120275752389002E+00 
  3.984712434912929702E+00 
  4.144922060437710165E+00 
  4.308262045607167856E+00 
  4.473245283701742459E+00 
  4.638384668001870992E+00 
  4.802193091787990475E+00 
  4.963183448340539705E+00 
  5.119868630939956589E+00 
  5.270761532866678145E+00 
  5.414375047401141394E+00 
  5.549222067823788684E+00 
  5.673815487415050818E+00 
  5.786668199455375472E+00 
  5.886293097225191673E+00 
  5.971224232287970501E+00 
  6.040699575312872938E+00 
  6.094495006336077658E+00 
  6.132652569809964760E+00 
  6.155480474603075791E+00 
  6.163553094000143950E+00 
  6.157710965702088757E+00 
  6.139060791826000063E+00 
  6.108975438905159372E+00 
  6.069093937889015855E+00 
  6.021300325860177161E+00 
  5.967040885211753576E+00 
  5.907490153385989373E+00 
  5.843822667825139483E+00 
  5.777212965971452618E+00 
  5.708835585267178381E+00 
  5.639865063154568148E+00 
  5.571475937075872409E+00 
  5.504842744473340765E+00 
  5.441140022789223707E+00 
  5.381542309465773499E+00 
  5.327224141945238856E+00 
  5.279360057669870265E+00 
  5.239034584963540908E+00 
  5.207030501156403091E+00 
  5.183929884064967908E+00 
  5.170119698569793698E+00 
  5.165791796615497589E+00 
  5.170942917210743950E+00 
  5.185374686428257718E+00 
  5.208693617404810183E+00 
  5.240311110341219880E+00 
  5.279443452502370349E+00 
  5.325201827335559912E+00 
  5.376804056345878102E+00 
  5.433473547616095800E+00 
  5.494433709228987439E+00 
  5.558907949267325677E+00 
  5.626119675813884946E+00 
  5.695292296951440569E+00 
  5.765649220762766092E+00 
  5.836413855330635059E+00 
  5.906809608737821016E+00 
  5.976059889067099284E+00 
  6.043388104401243410E+00 
  6.108017662823025162E+00 
  6.169171972415220750E+00 
  6.226074441260603720E+00 
  6.277948477441949393E+00 
  6.324017489042028650E+00 
  6.363473814877875334E+00 
  6.394213230249559565E+00 
  6.413708580703806561E+00 
  6.419791597709975761E+00 
  6.410652898660027965E+00 
  6.384841986868552866E+00 
  6.341267251572768160E+00 
  6.279195967932490241E+00 
  6.198254297030178606E+00 
  6.098427285870887005E+00 
  5.980089936648040450E+00 
  5.845272700994663673E+00 
  5.696787846219710794E+00 
  5.537447639632155472E+00 
  5.370064348540956267E+00 
  5.197450240255080622E+00 
  5.022417582083496868E+00 
  4.847778641335168004E+00 
  4.676345685319059697E+00 
  4.510930981344139390E+00 
  4.354346796719373636E+00 
  4.209405398753721883E+00 
  4.078919054756156015E+00 
  3.965686606586257490E+00 
  3.871111980269593911E+00 
  3.795432274295550634E+00 
  3.738552829751522033E+00 
  3.700047230322945246E+00 
  3.679157302293255327E+00 
  3.674793114543928318E+00 
  3.685532978554449723E+00 
  3.709623448402317170E+00 
  3.744979320763062614E+00 
  3.789197060359603686E+00 
  3.840936290346917303E+00 
  3.899691704014170313E+00 
  3.964957994650523343E+00 
  4.036229855545146350E+00 
  4.113001979987201295E+00 
  4.194769061265857246E+00 
  4.281025792670279273E+00 
  4.371266867489628893E+00 
  4.464986979013075619E+00 
  4.561680820529782743E+00 
  4.660843085328916224E+00 
  4.761968466699642910E+00 
  4.864551657931126094E+00 
  4.968087352312532623E+00 
  5.072070243133028455E+00 
  5.175995023681776885E+00 
  5.279356387247943871E+00 
  5.381649027120697149E+00 
  5.482367636589200899E+00 
  5.581006908942620193E+00 
  5.677061537470119212E+00 
  5.770026215460866581E+00 
  5.859395636204025593E+00 
  5.944664492988762206E+00 
  6.025327479104243267E+00 
  6.100879287839632070E+00 
  6.170814612484093686E+00 
  6.234628146326796738E+00 
  6.291814582656902743E+00 
  6.341868614763580325E+00 
  6.384272768233361539E+00 
  6.417553804759947411E+00 
  6.439866056045519649E+00 
  6.449687554821826652E+00 
  6.445820034850223479E+00 
  6.427388930921630106E+00 
  6.393843378856562509E+00 
  6.344956215505130892E+00 
  6.280823978747013037E+00 
  6.201866907491489833E+00 
  6.108841109380040990E+00 
  6.003782156976575024E+00 
  5.889421753866116660E+00 
  5.768491603633682629E+00 
  5.643723409864295881E+00 
  5.517848876142976700E+00 
  5.393599706054746257E+00 
  5.273707603184623061E+00 
  5.160904271117630060E+00 
  5.057921413438783986E+00 
  4.967494744901070902E+00 
  4.893103032936080510E+00 
  4.838116143822523085E+00 
  4.804949438694871233E+00 
  4.795063773543321695E+00 
  4.808965499213842421E+00 
  4.846206461408130828E+00 
  4.905384000683620016E+00 
  4.984140952453512519E+00 
  5.079165646986731453E+00 
  5.186187898240008032E+00 
  5.299239962347195743E+00 
  5.411508491450765845E+00 
  5.516230526058931716E+00 
  5.609274989015331059E+00 
  5.688428871665903941E+00 
  5.752078937763199562E+00 
  5.799211723466372703E+00 
  5.829413537341160634E+00 
  5.842870460359920415E+00 
  5.840368345901586267E+00 
  5.823292819751708649E+00 
  5.793629280102438273E+00 
  5.753912509186772439E+00 
  5.704645179308900360E+00 
  5.645011666677286932E+00 
  5.620227823993128702E+00 
  5.592192493005605058E+00 
  5.560701767766835779E+00 
  5.525551742328936200E+00 
