   744 
  2.620217572551487795E+00 
  2.610320228904731810E+00 
  2.602065228025159271E+00 
  2.595386754980225419E+00 
  2.590218994837383271E+00 
  2.586496132664086289E+00 
  2.584152353527789714E+00 
  2.583121842495947451E+00 
  2.584198825172276504E+00 
  2.589683029006249804E+00 
  2.599064168089173510E+00 
  2.611630473425804677E+00 
  2.626670176020903025E+00 
  2.643471506879223387E+00 
  2.661322697005527260E+00 
  2.679511977404571255E+00 
  2.697327579081113313E+00 
  2.714057733039910492E+00 
  2.728990670285721176E+00 
  2.741414621823304199E+00 
  2.750617818657417502E+00 
  2.755888491792818140E+00 
  2.756705010726664629E+00 
  2.754681325742097009E+00 
  2.750520665907600026E+00 
  2.744436195796733813E+00 
  2.736641079983056279E+00 
  2.727348483040127114E+00 
  2.716771569541505116E+00 
  2.705123504060749529E+00 
  2.692617451171418708E+00 
  2.679466575447071452E+00 
  2.665884041461267895E+00 
  2.652083013787567278E+00 
  2.638276656999526626E+00 
  2.624678135670706070E+00 
  2.611500614374663964E+00 
  2.598957257684960442E+00 
  2.587261230175154747E+00 
  2.576625696418803901E+00 
  2.567263820989468037E+00 
  2.559388768460706398E+00 
  2.553213703406076895E+00 
  2.548951790399140105E+00 
  2.546816194013453494E+00 
  2.547100727260663167E+00 
  2.550168530196775585E+00 
  2.555793181844170370E+00 
  2.563691374866417405E+00 
  2.573579801927086574E+00 
  2.585175155689747761E+00 
  2.598194128817970849E+00 
  2.612353413975325278E+00 
  2.627369703825380487E+00 
  2.642959691031707248E+00 
  2.658840068257875444E+00 
  2.674727528167454071E+00 
  2.690338763424013901E+00 
  2.705390466691122597E+00 
  2.719599330632352263E+00 
  2.732682047911272338E+00 
  2.744355311191451818E+00 
  2.754335813136460587E+00 
  2.762340246409868971E+00 
  2.768085303675246411E+00 
  2.771287677596163235E+00 
  2.770525837044554684E+00 
  2.755236765731276183E+00 
  2.727541153721988909E+00 
  2.693263668010120515E+00 
  2.658228975589105758E+00 
  2.628261743452378063E+00 
  2.609186638593369079E+00 
  2.605725755866983739E+00 
  2.609851640087199165E+00 
  2.618091736251061175E+00 
  2.629737918378595829E+00 
  2.644082060489829633E+00 
  2.660416036604787315E+00 
  2.678031720743498489E+00 
  2.696220986925987884E+00 
  2.714275709172282447E+00 
  2.731487761502408684E+00 
  2.747149017936391768E+00 
  2.760551352494260424E+00 
  2.770986639196040269E+00 
  2.777746752061757807E+00 
  2.780123532414815024E+00 
  2.777331520520430086E+00 
  2.769602427401983924E+00 
  2.757734487695541414E+00 
  2.742525936037167877E+00 
  2.724775007062927745E+00 
  2.705279935408887226E+00 
  2.684838955711108532E+00 
  2.664250302605657872E+00 
  2.644312210728600121E+00 
  2.625822914715999712E+00 
  2.609580649203923297E+00 
  2.596383648828433088E+00 
  2.587030148225595294E+00 
  2.582318382031474346E+00 
  2.583375677960658479E+00 
  2.591414512096464673E+00 
  2.605470731976924359E+00 
  2.624410051882027251E+00 
  2.647098186091762173E+00 
  2.672400848886120617E+00 
  2.699183754545090519E+00 
  2.726312617348664702E+00 
  2.752653151576831991E+00 
  2.777071071509582545E+00 
  2.798432091426906076E+00 
  2.815601925608791412E+00 
  2.827446288335231372E+00 
  2.832830893886214785E+00 
  2.831765261335464690E+00 
  2.826542217970964277E+00 
  2.817675923742873678E+00 
  2.805592240821101591E+00 
  2.790717031375563373E+00 
  2.773476157576167722E+00 
  2.754295481592823336E+00 
  2.733600865595447349E+00 
  2.711818171753944906E+00 
  2.689373262238233586E+00 
  2.666691999218221198E+00 
  2.644200244863816440E+00 
  2.622323861344936446E+00 
  2.601488710831486806E+00 
  2.582120655493384209E+00 
  2.564645557500537354E+00 
  2.549489279022855381E+00 
  2.537077682230253650E+00 
  2.527836629292639969E+00 
  2.522191982379928366E+00 
  2.520567412941160157E+00 
  2.522995650022514802E+00 
  2.528914633148116931E+00 
  2.537751169207254076E+00 
  2.548932065089210219E+00 
  2.561884127683272006E+00 
  2.576034163878727856E+00 
  2.590808980564860420E+00 
  2.605635384630959006E+00 
  2.619940182966305375E+00 
  2.633150182460188837E+00 
  2.644692190001896481E+00 
  2.653993012480710512E+00 
  2.660479456785920238E+00 
  2.663578329806809641E+00 
  2.663196825970443715E+00 
  2.660533905656822906E+00 
  2.655881724104789399E+00 
  2.649456036329353559E+00 
  2.641472597345530193E+00 
  2.632147162168329668E+00 
  2.621695485812763682E+00 
  2.610333323293847041E+00 
  2.598276429626589668E+00 
  2.585740559826005924E+00 
  2.572941468907107510E+00 
  2.560094911884904345E+00 
  2.547416643774413458E+00 
  2.535122419590642107E+00 
  2.523427994348606429E+00 
  2.512549123063317680E+00 
  2.502701560749786225E+00 
  2.494101062423027759E+00 
  2.486963383098051317E+00 
  2.481504277789871260E+00 
  2.477939501513499732E+00 
  2.476484809283947985E+00 
  2.478235934205889279E+00 
  2.484478791999998215E+00 
  2.494750377064247626E+00 
  2.508562062683035609E+00 
  2.525425222140762926E+00 
  2.544851228721821901E+00 
  2.566351455710615959E+00 
  2.589437276391537424E+00 
  2.613620064048985281E+00 
  2.638411191967362068E+00 
  2.663322033431057445E+00 
  2.687863961724477058E+00 
  2.711548350132011009E+00 
  2.733886571938060062E+00 
  2.754390000427025420E+00 
  2.772570008883298520E+00 
  2.787937970591282344E+00 
  2.800005258835369659E+00 
  2.808283246899961227E+00 
  2.812283308069455146E+00 
  2.810784519039819962E+00 
  2.801513403117784851E+00 
  2.785360142407919515E+00 
  2.763460404366961498E+00 
  2.736949856451643903E+00 
  2.706964166118712711E+00 
  2.674639000824896584E+00 
  2.641110028026943279E+00 
  2.607512915181585456E+00 
  2.574983329745557104E+00 
  2.544656939175604204E+00 
  2.517669410928456752E+00 
  2.495156412460860729E+00 
  2.478253611229548348E+00 
  2.468096674691258041E+00 
  2.466015550495319175E+00 
  2.476812081344549998E+00 
  2.499127305027211587E+00 
  2.528912471865472522E+00 
  2.562118832181505823E+00 
  2.594697636297470300E+00 
  2.622600134535542971E+00 
  2.641777577217883977E+00 
  2.648229377257611095E+00 
  2.647365445210766666E+00 
  2.645153977692578984E+00 
  2.641792705513222650E+00 
  2.637479359482873154E+00 
  2.632411670411705540E+00 
  2.626787369109893966E+00 
  2.620804186387615253E+00 
  2.614659853055043559E+00 
  2.608552099922354817E+00 
  2.602678657799723183E+00 
  2.597237257497323704E+00 
  2.592425629825333200E+00 
  2.588441505593924497E+00 
  2.585482615613275303E+00 
  2.583746690693558445E+00 
  2.583455213100639636E+00 
  2.585094261079601718E+00 
  2.588639415497222984E+00 
  2.593890455088938563E+00 
  2.600647158590182695E+00 
  2.608709304736393175E+00 
  2.617876672263001137E+00 
  2.627949039905444817E+00 
  2.638726186399156237E+00 
  2.650007890479571415E+00 
  2.661593930882127257E+00 
  2.673284086342255339E+00 
  2.684878135595393900E+00 
  2.696175857376974072E+00 
  2.706977030422433206E+00 
  2.717081433467207319E+00 
  2.726288845246728432E+00 
  2.734399044496433895E+00 
  2.741211809951757061E+00 
  2.746526920348133061E+00 
  2.750144154420997911E+00 
  2.751863290905785409E+00 
  2.750520744387055849E+00 
  2.743139049448449995E+00 
  2.729955573247342837E+00 
  2.711453797555606560E+00 
  2.688117204145121786E+00 
  2.660429274787756704E+00 
  2.628873491255394157E+00 
  2.593933335319906330E+00 
  2.556092288753162300E+00 
  2.515833833327047575E+00 
  2.473641450813426346E+00 
  2.429998622984185896E+00 
  2.385388831611195304E+00 
  2.340295558466323200E+00 
  2.295202285321457314E+00 
  2.250592493948460948E+00 
  2.206949666119220055E+00 
  2.164757283605605043E+00 
  2.124498828179484988E+00 
  2.086657781612746287E+00 
  2.051717625677253132E+00 
  2.020161842144891029E+00 
  1.992473912787529944E+00 
  1.969137319377041395E+00 
  1.950635543685308226E+00 
  1.937452067484199292E+00 
  1.930070372545593660E+00 
  1.930659200668841446E+00 
  1.960051128695454059E+00 
  2.019496258462569749E+00 
  2.102798053528863953E+00 
  2.203759977452969920E+00 
  2.316185493793557537E+00 
  2.433878066109302463E+00 
  2.550641157958829286E+00 
  2.660278232900828321E+00 
  2.756592754493926822E+00 
  2.833388186296800004E+00 
  2.884467991868111980E+00 
  2.903635634766505991E+00 
  2.903196279883764053E+00 
  2.901789264414737168E+00 
  2.899461625496077666E+00 
  2.896243636835435176E+00 
  2.892165572140460217E+00 
  2.887257705118801976E+00 
  2.881550309478111860E+00 
  2.875073658926038611E+00 
  2.867858027170230972E+00 
  2.859933687918341239E+00 
  2.851330914878016820E+00 
  2.842079981756909568E+00 
  2.832211162262669113E+00 
  2.821754730102942865E+00 
  2.810740958985384896E+00 
  2.799200122617640396E+00 
  2.787162494707363880E+00 
  2.774658348962202314E+00 
  2.761717959089804886E+00 
  2.748371598797824333E+00 
  2.734649541793907179E+00 
  2.720582061785706607E+00 
  2.706199432480871359E+00 
  2.691531927587048845E+00 
  2.676609820811892693E+00 
  2.661463385863048980E+00 
  2.646122896448172668E+00 
  2.630618626274909388E+00 
  2.614980849050908773E+00 
  2.599239838483823561E+00 
  2.583425868281300719E+00 
  2.567569212150993430E+00 
  2.551700143800549991E+00 
  2.535848936937617815E+00 
  2.520045865269850527E+00 
  2.504321202504894650E+00 
  2.488705222350403812E+00 
  2.473228198514025866E+00 
  2.457920404703408668E+00 
  2.442812114626205844E+00 
  2.427933601990063917E+00 
  2.413315140502636069E+00 
  2.398987003871570600E+00 
  2.384979465804514920E+00 
  2.371322800009123544E+00 
  2.358047280193041662E+00 
  2.345183180063923789E+00 
  2.332760773329417336E+00 
  2.320810333697170158E+00 
  2.309362134874835881E+00 
  2.298446450570061916E+00 
  2.288093554490499670E+00 
  2.278333720343798330E+00 
  2.269197221837607081E+00 
  2.260714332679576888E+00 
  2.252915326577356492E+00 
  2.245830477238597300E+00 
  2.239490058370948944E+00 
  2.233924343682058833E+00 
  2.229163606879579707E+00 
  2.225238121671160307E+00 
  2.222178161764450710E+00 
  2.220014000867100545E+00 
  2.218775912686759444E+00 
  2.218500033512340597E+00 
  2.219330305167584338E+00 
  2.221147251751561580E+00 
  2.223721413978520633E+00 
  2.226823332562710256E+00 
  2.230223548218376983E+00 
  2.233692601659769128E+00 
  2.237001033601135003E+00 
  2.239919384756722032E+00 
  2.242218195840778971E+00 
  2.243668007567553691E+00 
  2.244010922656016760E+00 
  2.242299359979945450E+00 
  2.238964798278331614E+00 
  2.235100166187903525E+00 
  2.231798392345391679E+00 
  2.230152405387523018E+00 
  2.230731593580229877E+00 
  2.232870554155457210E+00 
  2.236201663323946764E+00 
  2.240370114956749870E+00 
  2.245021102924921852E+00 
  2.249799821099513597E+00 
  2.254351463351579987E+00 
  2.258321223552173684E+00 
  2.261354295572346906E+00 
  2.263095873283153647E+00 
  2.263093329465811099E+00 
  2.260565348699356658E+00 
  2.255897493007122723E+00 
  2.249683347666719513E+00 
  2.242516497955753252E+00 
  2.234990529151835492E+00 
  2.227699026532572901E+00 
  2.221235575375573479E+00 
  2.216193760958447001E+00 
  2.213167168558801023E+00 
  2.212708817034798159E+00 
  2.214597974036308869E+00 
  2.218270780497553218E+00 
  2.223226211289391685E+00 
  2.228963241282686969E+00 
  2.234980845348299106E+00 
  2.240777998357090350E+00 
  2.245853675179922515E+00 
  2.249706850687656967E+00 
  2.251836499751154186E+00 
  2.251874074126421377E+00 
  2.250355628457327395E+00 
  2.247700252073378646E+00 
  2.244254042604668875E+00 
  2.240363097681288274E+00 
  2.236373514933332807E+00 
  2.232631391990893110E+00 
  2.229482826484062041E+00 
  2.227273916042933788E+00 
  2.226350758297599430E+00 
  2.227980094977713321E+00 
  2.233283467298967651E+00 
  2.241679615195231179E+00 
  2.252574345472454720E+00 
  2.265373464936596193E+00 
  2.279482780393606411E+00 
  2.294308098649441519E+00 
  2.309255226510057657E+00 
  2.323729970781405640E+00 
  2.337138138269443832E+00 
  2.348885535780123046E+00 
  2.358377970119398981E+00 
  2.365021248093227335E+00 
  2.368221176507560699E+00 
  2.365133914052257591E+00 
  2.349652100408190059E+00 
  2.323277070078389350E+00 
  2.288005746378290350E+00 
  2.245835052623346151E+00 
  2.198761912128985418E+00 
  2.148783248210663910E+00 
  2.097895984183816509E+00 
  2.048097043363878100E+00 
  2.001383349066303996E+00 
  1.959751824606523307E+00 
  1.925199393299989126E+00 
  1.899722978462136780E+00 
  1.885319503408406927E+00 
  1.883234904109264418E+00 
  1.887756794962224705E+00 
  1.896997738721071691E+00 
  1.910619936323108004E+00 
  1.928285588705638487E+00 
  1.949656896805960882E+00 
  1.974396061561382920E+00 
  2.002165283909200788E+00 
  2.032626764786718887E+00 
  2.065442705131244949E+00 
  2.100275305880071830E+00 
  2.136786767970511924E+00 
  2.174639292339856311E+00 
  2.213495079925412945E+00 
  2.253016331664490224E+00 
  2.292865248494378339E+00 
  2.332704031352391016E+00 
  2.372194881175819781E+00 
  2.410999998901972141E+00 
  2.448781585468155608E+00 
  2.485201841811661261E+00 
  2.519922968869802826E+00 
  2.552607167579871827E+00 
  2.582916638879175775E+00 
  2.610513583705021290E+00 
  2.635060202994702561E+00 
  2.656218697685527541E+00 
  2.673651268714794416E+00 
  2.687020117019807142E+00 
  2.695987443537870121E+00 
  2.700215449206281981E+00 
  2.698389064916030922E+00 
  2.688309228096210646E+00 
  2.672345172565266935E+00 
  2.653183756182157182E+00 
  2.633511836805847661E+00 
  2.616016272295293543E+00 
  2.603383920509461547E+00 
  2.598301639307308619E+00 
  2.602398779014901020E+00 
  2.613808453643310603E+00 
  2.630034618458112483E+00 
  2.648581682689152395E+00 
  2.666954055566281401E+00 
  2.682656146319351453E+00 
  2.693192364178207843E+00 
  2.696187760648498077E+00 
  2.694618877428455406E+00 
  2.690978634704914274E+00 
  2.685569862814642050E+00 
  2.678695392094409655E+00 
  2.670658052880983568E+00 
  2.661760675511135599E+00 
  2.652306090321633114E+00 
  2.642597127649243038E+00 
  2.632936617830737625E+00 
  2.623627391202882908E+00 
  2.614972278102450254E+00 
  2.607274108866206141E+00 
  2.600835713830920159E+00 
  2.595959923333362340E+00 
  2.592949567710299608E+00 
  2.592109073939516950E+00 
  2.593731104829768874E+00 
  2.597728453610830268E+00 
  2.603890355607384244E+00 
  2.612006046144116578E+00 
  2.621864760545709938E+00 
  2.633255734136848325E+00 
  2.645968202242218847E+00 
  2.659791400186501953E+00 
  2.674514563294384750E+00 
  2.689926926890548575E+00 
  2.705817726299679205E+00 
  2.721976196846463747E+00 
  2.738191573855580430E+00 
  2.754253092651719026E+00 
  2.769949988559559539E+00 
  2.785071496903787303E+00 
  2.799406853009089424E+00 
  2.812745292200146352E+00 
  2.824876049801644751E+00 
  2.835588361138266400E+00 
  2.844671461534697077E+00 
  2.851914586315622113E+00 
  2.857106970805723289E+00 
  2.860037850329686826E+00 
  2.860548429385636027E+00 
  2.859249177068121650E+00 
  2.856459103334116456E+00 
  2.852287186357340687E+00 
  2.846842404311513253E+00 
  2.840233735370356172E+00 
  2.832570157707588798E+00 
  2.823960649496929154E+00 
  2.814514188912101034E+00 
  2.804339754126820683E+00 
  2.793546323314811897E+00 
  2.782242874649793585E+00 
  2.770538386305483325E+00 
  2.758541836455604468E+00 
  2.746362203273874147E+00 
  2.734108464934016602E+00 
  2.721889599609748966E+00 
  2.709814585474790150E+00 
  2.697992400702863947E+00 
  2.686532023467686603E+00 
  2.675542431942981914E+00 
  2.665132604302467900E+00 
  2.655411518719863917E+00 
  2.646488153368891982E+00 
  2.638471486423270118E+00 
  2.631470496056720787E+00 
  2.625594160442962455E+00 
  2.620951457755715364E+00 
  2.617651366168700200E+00 
  2.615802863855636762E+00 
  2.615488343543931560E+00 
  2.616388692317312081E+00 
  2.618316516721091780E+00 
  2.621189750011626796E+00 
  2.624926325445277264E+00 
  2.629444176278398881E+00 
  2.634661235767350895E+00 
  2.640495437168492110E+00 
  2.646864713738178665E+00 
  2.653686998732769808E+00 
  2.660880225408622124E+00 
  2.668362327022094416E+00 
  2.676051236829545932E+00 
  2.683864888087332368E+00 
  2.691721214051813860E+00 
  2.699538147979345215E+00 
  2.707233623126287458E+00 
  2.714725572748997617E+00 
  2.721931930103832720E+00 
  2.728770628447152902E+00 
  2.735159601035312971E+00 
  2.741016781124673063E+00 
  2.746260101971591094E+00 
  2.750807496832424093E+00 
  2.754576898963531306E+00 
  2.757486241621268874E+00 
  2.759453458061996045E+00 
  2.760396481542070735E+00 
  2.760296924778405714E+00 
  2.759353260185581469E+00 
  2.757620192577549201E+00 
  2.755134852858128536E+00 
  2.751934371931138656E+00 
  2.748055880700400522E+00 
  2.743536510069732870E+00 
  2.738413390942956660E+00 
  2.732723654223890630E+00 
  2.726504430816353963E+00 
  2.719792851624168062E+00 
  2.712626047551151220E+00 
  2.705041149501124398E+00 
  2.697075288377906777E+00 
  2.688765595085317539E+00 
  2.680149200527178088E+00 
  2.671263235607305386E+00 
  2.662144831229522612E+00 
  2.652831118297648061E+00 
  2.643359227715500026E+00 
  2.633766290386900799E+00 
  2.624089437215667342E+00 
  2.614365799105622390E+00 
  2.604632506960584681E+00 
  2.594926691684372067E+00 
  2.585285484180807281E+00 
  2.575746015353706841E+00 
  2.566345416106893929E+00 
  2.557120817344186836E+00 
  2.548109349969403414E+00 
  2.539348144886367287E+00 
  2.530874332998894527E+00 
  2.522725045210807426E+00 
  2.514937412425924723E+00 
  2.507548565548065600E+00 
  2.500595635481051016E+00 
  2.494115753128699708E+00 
  2.488146049394833081E+00 
  2.482723655183269429E+00 
  2.477885701397827933E+00 
  2.473669318942329998E+00 
  2.470111638720594360E+00 
  2.467249791636441092E+00 
  2.465120908593690707E+00 
  2.463762120496161057E+00 
  2.463210558247673543E+00 
  2.465856976191886041E+00 
  2.475381619526227261E+00 
  2.490867388343986910E+00 
  2.511307335772969829E+00 
  2.535694514940970201E+00 
  2.563021978975794646E+00 
  2.592282781005239123E+00 
  2.622469974157107142E+00 
  2.652576611559207542E+00 
  2.681595746339324293E+00 
  2.708520431625267122E+00 
  2.732343720544836430E+00 
  2.752058666225833061E+00 
  2.766658321796061859E+00 
  2.775135740383315230E+00 
  2.776718892102238989E+00 
  2.774070119315433125E+00 
  2.768440736348542597E+00 
  2.760121251016387944E+00 
  2.749402171133797257E+00 
  2.736574004515591518E+00 
  2.721927258976592601E+00 
  2.705752442331625485E+00 
  2.688340062395506269E+00 
  2.669980626983068817E+00 
  2.650964643909131890E+00 
  2.631582620988517363E+00 
  2.612125066036048882E+00 
  2.592882486866543879E+00 
  2.574145391294837104E+00 
  2.556204287135745101E+00 
  2.539349682204091074E+00 
  2.523872084314698228E+00 
  2.510062001282386657E+00 
  2.498209940921985783E+00 
  2.488606411048315703E+00 
  2.481541919476198732E+00 
  2.477306974020458519E+00 
  2.476259380610410066E+00 
  2.481700185074067200E+00 
  2.494496349901680343E+00 
  2.513489550626484714E+00 
  2.537521462781716419E+00 
  2.565433761900618226E+00 
  2.596068123516410253E+00 
  2.628266223162334381E+00 
  2.660869736371626271E+00 
  2.692720338677521585E+00 
  2.722659705613262204E+00 
  2.749529512712068247E+00 
  2.772171435507182924E+00 
  2.789427149531840566E+00 
  2.800138330319278168E+00 
  2.803208643648217979E+00 
  2.801693601915137055E+00 
  2.797945772727125746E+00 
  2.792143280332682220E+00 
  2.784464248980305090E+00 
  2.775086802918490303E+00 
  2.764189066395741801E+00 
  2.751949163660555531E+00 
  2.738545218961431438E+00 
  2.724155356546865914E+00 
  2.708957700665355350E+00 
  2.693130375565405910E+00 
  2.676851505495512207E+00 
  2.660299214704173298E+00 
  2.643651627439887797E+00 
  2.627086867951148985E+00 
  2.610783060486465690E+00 
  2.594918329294331638E+00 
  2.579670798623245442E+00 
  2.565218592721705715E+00 
  2.551739835838207515E+00 
  2.539412652221257449E+00 
  2.528415166119350133E+00 
  2.518925501780983289E+00 
  2.511121783454656864E+00 
  2.505182135388867692E+00 
  2.501284681832117496E+00 
  2.499607547032903554E+00 
  2.501257547349748922E+00 
  2.507915481490614162E+00 
  2.518934507863491046E+00 
  2.533595567567794138E+00 
  2.551179601702948219E+00 
  2.570967551368374959E+00 
  2.592240357663496031E+00 
  2.614278961687739766E+00 
  2.636364304540514958E+00 
  2.657777327321248606E+00 
  2.677798971129363270E+00 
  2.695710177064280622E+00 
  2.710791886225426328E+00 
  2.722325039712212735E+00 
  2.729590578624067287E+00 
  2.731887138518895419E+00 
  2.731779652176267170E+00 
  2.731385160305364046E+00 
  2.730562073124405575E+00 
  2.729168800851612176E+00 
  2.727063753705202931E+00 
  2.724105341903398259E+00 
  2.720151975664415023E+00 
  2.715062065206476749E+00 
  2.708694020747801634E+00 
  2.700906252506608762E+00 
  2.691557170701118551E+00 
  2.680505185549546976E+00 
  2.667608707270119339E+00 
