   768 
  0.000000000000000000E+00 
  9.999999999999431566E-02 
  2.000000000000028422E-01 
  2.999999999999971578E-01 
  4.000000000000056843E-01 
  5.000000000000000000E-01 
  5.999999999999943157E-01 
  7.000000000000028422E-01 
  7.999999999999971578E-01 
  9.000000000000056843E-01 
  1.000000000000000000E+00 
  1.099999999999994316E+00 
  1.200000000000002842E+00 
  1.299999999999997158E+00 
  1.400000000000005684E+00 
  1.500000000000000000E+00 
  1.599999999999994316E+00 
  1.700000000000002842E+00 
  1.799999999999997158E+00 
  1.900000000000005684E+00 
  2.000000000000000000E+00 
  2.099999999999994316E+00 
  2.200000000000002842E+00 
  2.299999999999997158E+00 
  2.400000000000005684E+00 
  2.500000000000000000E+00 
  2.599999999999994316E+00 
  2.700000000000002842E+00 
  2.799999999999997158E+00 
  2.900000000000005684E+00 
  3.000000000000000000E+00 
  3.099999999999994316E+00 
  3.200000000000002842E+00 
  3.299999999999997158E+00 
  3.400000000000005684E+00 
  3.500000000000000000E+00 
  3.599999999999994316E+00 
  3.700000000000002842E+00 
  3.799999999999997158E+00 
  3.900000000000005684E+00 
  4.000000000000000000E+00 
  4.099999999999994316E+00 
  4.200000000000002842E+00 
  4.299999999999997158E+00 
  4.400000000000005684E+00 
  4.500000000000000000E+00 
  4.599999999999994316E+00 
  4.700000000000002842E+00 
  4.799999999999997158E+00 
  4.900000000000005684E+00 
  5.000000000000000000E+00 
  5.099999999999994316E+00 
  5.200000000000002842E+00 
  5.299999999999997158E+00 
  5.400000000000005684E+00 
  5.500000000000000000E+00 
  5.599999999999994316E+00 
  5.700000000000002842E+00 
  5.799999999999997158E+00 
  5.900000000000005684E+00 
  6.000000000000000000E+00 
  6.099999999999994316E+00 
  6.200000000000002842E+00 
  6.299999999999997158E+00 
  6.400000000000005684E+00 
  6.500000000000000000E+00 
  6.599999999999994316E+00 
  6.700000000000002842E+00 
  6.799999999999997158E+00 
  6.900000000000005684E+00 
  7.000000000000000000E+00 
  7.099999999999994316E+00 
  7.200000000000002842E+00 
  7.299999999999997158E+00 
  7.400000000000005684E+00 
  7.500000000000000000E+00 
  7.599999999999994316E+00 
  7.700000000000002842E+00 
  7.799999999999997158E+00 
  7.900000000000005684E+00 
  8.000000000000000000E+00 
  8.099999999999994316E+00 
  8.200000000000002842E+00 
  8.299999999999997158E+00 
  8.400000000000005684E+00 
  8.500000000000000000E+00 
  8.599999999999994316E+00 
  8.700000000000002842E+00 
  8.799999999999997158E+00 
  8.900000000000005684E+00 
  9.000000000000000000E+00 
  9.099999999999994316E+00 
  9.200000000000002842E+00 
  9.299999999999997158E+00 
  9.400000000000005684E+00 
  9.500000000000000000E+00 
  9.599999999999994316E+00 
  9.700000000000002842E+00 
  9.799999999999997158E+00 
  9.900000000000005684E+00 
  1.000000000000000000E+01 
  1.009999999999999432E+01 
  1.020000000000000284E+01 
  1.029999999999999716E+01 
  1.040000000000000568E+01 
  1.050000000000000000E+01 
  1.059999999999999432E+01 
  1.070000000000000284E+01 
  1.079999999999999716E+01 
  1.090000000000000568E+01 
  1.100000000000000000E+01 
  1.109999999999999432E+01 
  1.120000000000000284E+01 
  1.129999999999999716E+01 
  1.140000000000000568E+01 
  1.150000000000000000E+01 
  1.159999999999999432E+01 
  1.170000000000000284E+01 
  1.179999999999999716E+01 
  1.190000000000000568E+01 
  1.200000000000000000E+01 
  1.209999999999999432E+01 
  1.220000000000000284E+01 
  1.229999999999999716E+01 
  1.240000000000000568E+01 
  1.250000000000000000E+01 
  1.259999999999999432E+01 
  1.270000000000000284E+01 
  1.279999999999999716E+01 
  1.290000000000000568E+01 
  1.300000000000000000E+01 
  1.309999999999999432E+01 
  1.320000000000000284E+01 
  1.329999999999999716E+01 
  1.340000000000000568E+01 
  1.350000000000000000E+01 
  1.359999999999999432E+01 
  1.370000000000000284E+01 
  1.379999999999999716E+01 
  1.390000000000000568E+01 
  1.400000000000000000E+01 
  1.409999999999999432E+01 
  1.420000000000000284E+01 
  1.429999999999999716E+01 
  1.440000000000000568E+01 
  1.450000000000000000E+01 
  1.459999999999999432E+01 
  1.470000000000000284E+01 
  1.479999999999999716E+01 
  1.490000000000000568E+01 
  1.500000000000000000E+01 
  1.509999999999999432E+01 
  1.520000000000000284E+01 
  1.529999999999999716E+01 
  1.540000000000000568E+01 
  1.550000000000000000E+01 
  1.559999999999999432E+01 
  1.570000000000000284E+01 
  1.579999999999999716E+01 
  1.590000000000000568E+01 
  1.600000000000000000E+01 
  1.609999999999999432E+01 
  1.620000000000000284E+01 
  1.629999999999999716E+01 
  1.640000000000000568E+01 
  1.650000000000000000E+01 
  1.659999999999999432E+01 
  1.670000000000000284E+01 
  1.679999999999999716E+01 
  1.690000000000000568E+01 
  1.700000000000000000E+01 
  1.709999999999999432E+01 
  1.720000000000000284E+01 
  1.729999999999999716E+01 
  1.740000000000000568E+01 
  1.750000000000000000E+01 
  1.759999999999999432E+01 
  1.770000000000000284E+01 
  1.779999999999999716E+01 
  1.790000000000000568E+01 
  1.800000000000000000E+01 
  1.809999999999999432E+01 
  1.820000000000000284E+01 
  1.829999999999999716E+01 
  1.840000000000000568E+01 
  1.850000000000000000E+01 
  1.859999999999999432E+01 
  1.870000000000000284E+01 
  1.879999999999999716E+01 
  1.890000000000000568E+01 
  1.900000000000000000E+01 
  1.909999999999999432E+01 
  1.920000000000000284E+01 
  1.929999999999999716E+01 
  1.940000000000000568E+01 
  1.950000000000000000E+01 
  1.959999999999999432E+01 
  1.970000000000000284E+01 
  1.979999999999999716E+01 
  1.990000000000000568E+01 
  2.000000000000000000E+01 
  2.009999999999999432E+01 
  2.020000000000000284E+01 
  2.029999999999999716E+01 
  2.040000000000000568E+01 
  2.050000000000000000E+01 
  2.059999999999999432E+01 
  2.070000000000000284E+01 
  2.079999999999999716E+01 
  2.090000000000000568E+01 
  2.100000000000000000E+01 
  2.109999999999999432E+01 
  2.120000000000000284E+01 
  2.129999999999999716E+01 
  2.140000000000000568E+01 
  2.150000000000000000E+01 
  2.159999999999999432E+01 
  2.170000000000000284E+01 
  2.179999999999999716E+01 
  2.190000000000000568E+01 
  2.200000000000000000E+01 
  2.209999999999999432E+01 
  2.220000000000000284E+01 
  2.229999999999999716E+01 
  2.240000000000000568E+01 
  2.250000000000000000E+01 
  2.259999999999999432E+01 
  2.270000000000000284E+01 
  2.279999999999999716E+01 
  2.290000000000000568E+01 
  2.300000000000000000E+01 
  2.309999999999999432E+01 
  2.320000000000000284E+01 
  2.329999999999999716E+01 
  2.340000000000000568E+01 
  2.350000000000000000E+01 
  2.359999999999999432E+01 
  2.370000000000000284E+01 
  2.379999999999999716E+01 
  2.390000000000000568E+01 
  2.400000000000000000E+01 
  2.409999999999999432E+01 
  2.420000000000000284E+01 
  2.429999999999999716E+01 
  2.440000000000000568E+01 
  2.450000000000000000E+01 
  2.459999999999999432E+01 
  2.470000000000000284E+01 
  2.479999999999999716E+01 
  2.490000000000000568E+01 
  2.500000000000000000E+01 
  2.509999999999999432E+01 
  2.520000000000000284E+01 
  2.529999999999999716E+01 
  2.540000000000000568E+01 
  2.550000000000000000E+01 
  2.559999999999999432E+01 
  2.570000000000000284E+01 
  2.579999999999999716E+01 
  2.590000000000000568E+01 
  2.600000000000000000E+01 
  2.609999999999999432E+01 
  2.620000000000000284E+01 
  2.629999999999999716E+01 
  2.640000000000000568E+01 
  2.650000000000000000E+01 
  2.659999999999999432E+01 
  2.670000000000000284E+01 
  2.679999999999999716E+01 
  2.690000000000000568E+01 
  2.700000000000000000E+01 
  2.709999999999999432E+01 
  2.720000000000000284E+01 
  2.729999999999999716E+01 
  2.740000000000000568E+01 
  2.750000000000000000E+01 
  2.759999999999999432E+01 
  2.770000000000000284E+01 
  2.779999999999999716E+01 
  2.790000000000000568E+01 
  2.800000000000000000E+01 
  2.809999999999999432E+01 
  2.820000000000000284E+01 
  2.829999999999999716E+01 
  2.840000000000000568E+01 
  2.850000000000000000E+01 
  2.859999999999999432E+01 
  2.870000000000000284E+01 
  2.879999999999999716E+01 
  2.890000000000000568E+01 
  2.900000000000000000E+01 
  2.909999999999999432E+01 
  2.920000000000000284E+01 
  2.929999999999999716E+01 
  2.940000000000000568E+01 
  2.950000000000000000E+01 
  2.959999999999999432E+01 
  2.970000000000000284E+01 
  2.979999999999999716E+01 
  2.990000000000000568E+01 
  3.000000000000000000E+01 
  3.009999999999999432E+01 
  3.020000000000000284E+01 
  3.029999999999999716E+01 
  3.040000000000000568E+01 
  3.050000000000000000E+01 
  3.059999999999999432E+01 
  3.070000000000000284E+01 
  3.079999999999999716E+01 
  3.090000000000000568E+01 
  3.100000000000000000E+01 
  3.109999999999999432E+01 
  3.120000000000000284E+01 
  3.129999999999999716E+01 
  3.140000000000000568E+01 
  3.150000000000000000E+01 
  3.159999999999999432E+01 
  3.170000000000000284E+01 
  3.179999999999999716E+01 
  3.190000000000000568E+01 
  3.200000000000000000E+01 
  3.209999999999999432E+01 
  3.220000000000000284E+01 
  3.229999999999999716E+01 
  3.240000000000000568E+01 
  3.250000000000000000E+01 
  3.259999999999999432E+01 
  3.270000000000000284E+01 
  3.279999999999999716E+01 
  3.290000000000000568E+01 
  3.300000000000000000E+01 
  3.309999999999999432E+01 
  3.320000000000000284E+01 
  3.329999999999999716E+01 
  3.340000000000000568E+01 
  3.350000000000000000E+01 
  3.359999999999999432E+01 
  3.370000000000000284E+01 
  3.379999999999999716E+01 
  3.390000000000000568E+01 
  3.400000000000000000E+01 
  3.409999999999999432E+01 
  3.420000000000000284E+01 
  3.429999999999999716E+01 
  3.440000000000000568E+01 
  3.450000000000000000E+01 
  3.459999999999999432E+01 
  3.470000000000000284E+01 
  3.479999999999999716E+01 
  3.490000000000000568E+01 
  3.500000000000000000E+01 
  3.509999999999999432E+01 
  3.520000000000000284E+01 
  3.529999999999999716E+01 
  3.540000000000000568E+01 
  3.550000000000000000E+01 
  3.559999999999999432E+01 
  3.570000000000000284E+01 
  3.579999999999999716E+01 
  3.590000000000000568E+01 
  3.600000000000000000E+01 
  3.609999999999999432E+01 
  3.620000000000000284E+01 
  3.629999999999999716E+01 
  3.640000000000000568E+01 
  3.650000000000000000E+01 
  3.659999999999999432E+01 
  3.670000000000000284E+01 
  3.679999999999999716E+01 
  3.690000000000000568E+01 
  3.700000000000000000E+01 
  3.709999999999999432E+01 
  3.720000000000000284E+01 
  3.729999999999999716E+01 
  3.740000000000000568E+01 
  3.750000000000000000E+01 
  3.759999999999999432E+01 
  3.770000000000000284E+01 
  3.779999999999999716E+01 
  3.790000000000000568E+01 
  3.800000000000000000E+01 
  3.809999999999999432E+01 
  3.820000000000000284E+01 
  3.829999999999999716E+01 
  3.840000000000000568E+01 
  3.850000000000000000E+01 
  3.859999999999999432E+01 
  3.870000000000000284E+01 
  3.879999999999999716E+01 
  3.890000000000000568E+01 
  3.900000000000000000E+01 
  3.909999999999999432E+01 
  3.920000000000000284E+01 
  3.929999999999999716E+01 
  3.940000000000000568E+01 
  3.950000000000000000E+01 
  3.959999999999999432E+01 
  3.970000000000000284E+01 
  3.979999999999999716E+01 
  3.990000000000000568E+01 
  4.000000000000000000E+01 
  4.009999999999999432E+01 
  4.020000000000000284E+01 
  4.029999999999999716E+01 
  4.040000000000000568E+01 
  4.050000000000000000E+01 
  4.059999999999999432E+01 
  4.070000000000000284E+01 
  4.079999999999999716E+01 
  4.090000000000000568E+01 
  4.100000000000000000E+01 
  4.109999999999999432E+01 
  4.120000000000000284E+01 
  4.129999999999999716E+01 
  4.140000000000000568E+01 
  4.150000000000000000E+01 
  4.159999999999999432E+01 
  4.170000000000000284E+01 
  4.179999999999999716E+01 
  4.190000000000000568E+01 
  4.200000000000000000E+01 
  4.209999999999999432E+01 
  4.220000000000000284E+01 
  4.229999999999999716E+01 
  4.240000000000000568E+01 
  4.250000000000000000E+01 
  4.259999999999999432E+01 
  4.270000000000000284E+01 
  4.279999999999999716E+01 
  4.290000000000000568E+01 
  4.300000000000000000E+01 
  4.309999999999999432E+01 
  4.320000000000000284E+01 
  4.329999999999999716E+01 
  4.340000000000000568E+01 
  4.350000000000000000E+01 
  4.359999999999999432E+01 
  4.370000000000000284E+01 
  4.379999999999999716E+01 
  4.390000000000000568E+01 
  4.400000000000000000E+01 
  4.409999999999999432E+01 
  4.420000000000000284E+01 
  4.429999999999999716E+01 
  4.440000000000000568E+01 
  4.450000000000000000E+01 
  4.459999999999999432E+01 
  4.470000000000000284E+01 
  4.479999999999999716E+01 
  4.490000000000000568E+01 
  4.500000000000000000E+01 
  4.509999999999999432E+01 
  4.520000000000000284E+01 
  4.529999999999999716E+01 
  4.540000000000000568E+01 
  4.550000000000000000E+01 
  4.559999999999999432E+01 
  4.570000000000000284E+01 
  4.579999999999999716E+01 
  4.590000000000000568E+01 
  4.600000000000000000E+01 
  4.609999999999999432E+01 
  4.620000000000000284E+01 
  4.629999999999999716E+01 
  4.640000000000000568E+01 
  4.650000000000000000E+01 
  4.659999999999999432E+01 
  4.670000000000000284E+01 
  4.679999999999999716E+01 
  4.690000000000000568E+01 
  4.700000000000000000E+01 
  4.709999999999999432E+01 
  4.720000000000000284E+01 
  4.729999999999999716E+01 
  4.740000000000000568E+01 
  4.750000000000000000E+01 
  4.759999999999999432E+01 
  4.770000000000000284E+01 
  4.779999999999999716E+01 
  4.790000000000000568E+01 
  4.800000000000000000E+01 
  4.809999999999999432E+01 
  4.820000000000000284E+01 
  4.829999999999999716E+01 
  4.840000000000000568E+01 
  4.850000000000000000E+01 
  4.859999999999999432E+01 
  4.870000000000000284E+01 
  4.879999999999999716E+01 
  4.890000000000000568E+01 
  4.900000000000000000E+01 
  4.909999999999999432E+01 
  4.920000000000000284E+01 
  4.929999999999999716E+01 
  4.940000000000000568E+01 
  4.950000000000000000E+01 
  4.959999999999999432E+01 
  4.969999999999998863E+01 
  4.980000000000001137E+01 
  4.990000000000000568E+01 
  5.000000000000000000E+01 
  5.009999999999999432E+01 
  5.019999999999998863E+01 
  5.030000000000001137E+01 
  5.040000000000000568E+01 
  5.050000000000000000E+01 
  5.059999999999999432E+01 
  5.069999999999998863E+01 
  5.080000000000001137E+01 
  5.090000000000000568E+01 
  5.100000000000000000E+01 
  5.109999999999999432E+01 
  5.119999999999998863E+01 
  5.130000000000001137E+01 
  5.140000000000000568E+01 
  5.150000000000000000E+01 
  5.159999999999999432E+01 
  5.169999999999998863E+01 
  5.180000000000001137E+01 
  5.190000000000000568E+01 
  5.200000000000000000E+01 
  5.209999999999999432E+01 
  5.219999999999998863E+01 
  5.230000000000001137E+01 
  5.240000000000000568E+01 
  5.250000000000000000E+01 
  5.259999999999999432E+01 
  5.269999999999998863E+01 
  5.280000000000001137E+01 
  5.290000000000000568E+01 
  5.300000000000000000E+01 
  5.309999999999999432E+01 
  5.319999999999998863E+01 
  5.330000000000001137E+01 
  5.340000000000000568E+01 
  5.350000000000000000E+01 
  5.359999999999999432E+01 
  5.369999999999998863E+01 
  5.380000000000001137E+01 
  5.390000000000000568E+01 
  5.400000000000000000E+01 
  5.409999999999999432E+01 
  5.419999999999998863E+01 
  5.430000000000001137E+01 
  5.440000000000000568E+01 
  5.450000000000000000E+01 
  5.459999999999999432E+01 
  5.469999999999998863E+01 
  5.480000000000001137E+01 
  5.490000000000000568E+01 
  5.500000000000000000E+01 
  5.509999999999999432E+01 
  5.519999999999998863E+01 
  5.530000000000001137E+01 
  5.540000000000000568E+01 
  5.550000000000000000E+01 
  5.559999999999999432E+01 
  5.569999999999998863E+01 
  5.580000000000001137E+01 
  5.590000000000000568E+01 
  5.600000000000000000E+01 
  5.609999999999999432E+01 
  5.619999999999998863E+01 
  5.630000000000001137E+01 
  5.640000000000000568E+01 
  5.650000000000000000E+01 
  5.659999999999999432E+01 
  5.669999999999998863E+01 
  5.680000000000001137E+01 
  5.690000000000000568E+01 
  5.700000000000000000E+01 
  5.709999999999999432E+01 
  5.719999999999998863E+01 
  5.730000000000001137E+01 
  5.740000000000000568E+01 
  5.750000000000000000E+01 
  5.759999999999999432E+01 
  5.769999999999998863E+01 
  5.780000000000001137E+01 
  5.790000000000000568E+01 
  5.800000000000000000E+01 
  5.809999999999999432E+01 
  5.819999999999998863E+01 
  5.830000000000001137E+01 
  5.840000000000000568E+01 
  5.850000000000000000E+01 
  5.859999999999999432E+01 
  5.869999999999998863E+01 
  5.880000000000001137E+01 
  5.890000000000000568E+01 
  5.900000000000000000E+01 
  5.909999999999999432E+01 
  5.919999999999998863E+01 
  5.930000000000001137E+01 
  5.940000000000000568E+01 
  5.950000000000000000E+01 
  5.959999999999999432E+01 
  5.969999999999998863E+01 
  5.980000000000001137E+01 
  5.990000000000000568E+01 
  6.000000000000000000E+01 
  6.009999999999999432E+01 
  6.019999999999998863E+01 
  6.030000000000001137E+01 
  6.040000000000000568E+01 
  6.050000000000000000E+01 
  6.059999999999999432E+01 
  6.069999999999998863E+01 
  6.080000000000001137E+01 
  6.090000000000000568E+01 
  6.100000000000000000E+01 
  6.109999999999999432E+01 
  6.119999999999998863E+01 
  6.130000000000001137E+01 
  6.140000000000000568E+01 
  6.150000000000000000E+01 
  6.159999999999999432E+01 
  6.169999999999998863E+01 
  6.180000000000001137E+01 
  6.190000000000000568E+01 
  6.200000000000000000E+01 
  6.209999999999999432E+01 
  6.219999999999998863E+01 
  6.230000000000001137E+01 
  6.240000000000000568E+01 
  6.250000000000000000E+01 
  6.259999999999999432E+01 
  6.269999999999998863E+01 
  6.280000000000001137E+01 
  6.290000000000000568E+01 
  6.300000000000000000E+01 
  6.309999999999999432E+01 
  6.319999999999998863E+01 
  6.330000000000001137E+01 
  6.340000000000000568E+01 
  6.350000000000000000E+01 
  6.359999999999999432E+01 
  6.369999999999998863E+01 
  6.380000000000001137E+01 
  6.390000000000000568E+01 
  6.400000000000000000E+01 
  6.409999999999999432E+01 
  6.419999999999998863E+01 
  6.430000000000001137E+01 
  6.440000000000000568E+01 
  6.450000000000000000E+01 
  6.459999999999999432E+01 
  6.469999999999998863E+01 
  6.480000000000001137E+01 
  6.490000000000000568E+01 
  6.500000000000000000E+01 
  6.509999999999999432E+01 
  6.519999999999998863E+01 
  6.530000000000001137E+01 
  6.540000000000000568E+01 
  6.550000000000000000E+01 
  6.559999999999999432E+01 
  6.569999999999998863E+01 
  6.580000000000001137E+01 
  6.590000000000000568E+01 
  6.600000000000000000E+01 
  6.609999999999999432E+01 
  6.619999999999998863E+01 
  6.630000000000001137E+01 
  6.640000000000000568E+01 
  6.650000000000000000E+01 
  6.659999999999999432E+01 
  6.669999999999998863E+01 
  6.680000000000001137E+01 
  6.690000000000000568E+01 
  6.700000000000000000E+01 
  6.709999999999999432E+01 
  6.719999999999998863E+01 
  6.730000000000001137E+01 
  6.740000000000000568E+01 
  6.750000000000000000E+01 
  6.759999999999999432E+01 
  6.769999999999998863E+01 
  6.780000000000001137E+01 
  6.790000000000000568E+01 
  6.800000000000000000E+01 
  6.809999999999999432E+01 
  6.819999999999998863E+01 
  6.830000000000001137E+01 
  6.840000000000000568E+01 
  6.850000000000000000E+01 
  6.859999999999999432E+01 
  6.869999999999998863E+01 
  6.880000000000001137E+01 
  6.890000000000000568E+01 
  6.900000000000000000E+01 
  6.909999999999999432E+01 
  6.919999999999998863E+01 
  6.930000000000001137E+01 
  6.940000000000000568E+01 
  6.950000000000000000E+01 
  6.959999999999999432E+01 
  6.969999999999998863E+01 
  6.980000000000001137E+01 
  6.990000000000000568E+01 
  7.000000000000000000E+01 
  7.009999999999999432E+01 
  7.019999999999998863E+01 
  7.030000000000001137E+01 
  7.040000000000000568E+01 
  7.050000000000000000E+01 
  7.059999999999999432E+01 
  7.069999999999998863E+01 
  7.080000000000001137E+01 
  7.090000000000000568E+01 
  7.100000000000000000E+01 
  7.109999999999999432E+01 
  7.119999999999998863E+01 
  7.130000000000001137E+01 
  7.140000000000000568E+01 
  7.150000000000000000E+01 
  7.159999999999999432E+01 
  7.169999999999998863E+01 
  7.180000000000001137E+01 
  7.190000000000000568E+01 
  7.200000000000000000E+01 
  7.209999999999999432E+01 
  7.219999999999998863E+01 
  7.230000000000001137E+01 
  7.240000000000000568E+01 
  7.250000000000000000E+01 
  7.259999999999999432E+01 
  7.269999999999998863E+01 
  7.280000000000001137E+01 
  7.290000000000000568E+01 
  7.300000000000000000E+01 
  7.309999999999999432E+01 
  7.319999999999998863E+01 
  7.330000000000001137E+01 
  7.340000000000000568E+01 
  7.350000000000000000E+01 
  7.359999999999999432E+01 
  7.369999999999998863E+01 
  7.380000000000001137E+01 
  7.390000000000000568E+01 
  7.400000000000000000E+01 
  7.409999999999999432E+01 
  7.419999999999998863E+01 
  7.430000000000001137E+01 
  7.440000000000000568E+01 
  7.450000000000000000E+01 
  7.459999999999999432E+01 
  7.469999999999998863E+01 
  7.480000000000001137E+01 
  7.490000000000000568E+01 
  7.500000000000000000E+01 
  7.509999999999999432E+01 
  7.519999999999998863E+01 
  7.530000000000001137E+01 
  7.540000000000000568E+01 
  7.550000000000000000E+01 
  7.559999999999999432E+01 
  7.569999999999998863E+01 
  7.580000000000001137E+01 
  7.590000000000000568E+01 
  7.600000000000000000E+01 
  7.609999999999999432E+01 
  7.619999999999998863E+01 
  7.630000000000001137E+01 
  7.640000000000000568E+01 
  7.650000000000000000E+01 
  7.659999999999999432E+01 
  7.669999999999998863E+01 
