    22 
  5.000000000000000000E+00 
  5.000000000000000000E-01 
  5.000000000000000000E+00 
  1.000000000000000000E+00 
  5.000000000000000000E+00 
  1.800000000000000044E+00 
  6.000000000000000000E+00 
  1.000000000000000178E+01 
  5.000000000000000000E-01 
  4.000000000000000777E-02 
  9.000000000000001776E+00 
  1.000000000000000000E+00 
  9.000000000000001776E+00 
  1.184802069489913094E+02 
  5.981647112603742933E-01 
  4.350635251112409563E+00 
  6.080005493243227643E-02 
                       NaN 
                       NaN 
                       NaN 
                       NaN 
  2.999999999999999556E+00 
