   674 
  1.469676849028539607E+02 
  1.486118315982933495E+02 
  1.495516891350033859E+02 
  1.492758724676360202E+02 
  1.452956396964295891E+02 
  1.384468089799851214E+02 
  1.303230458434290995E+02 
  1.225180158118997156E+02 
  1.166253844105344513E+02 
  1.142388171644608406E+02 
  1.143448800760530446E+02 
  1.146485818741434741E+02 
  1.151086243642096889E+02 
  1.156846862583096396E+02 
  1.163364462685022716E+02 
  1.170235831068451944E+02 
  1.178023860052656318E+02 
  1.188069579028691578E+02 
  1.200115296857104994E+02 
  1.213873670589641023E+02 
  1.229057357278014990E+02 
  1.245379013973974622E+02 
  1.263180652390154677E+02 
  1.289215912739333874E+02 
  1.321731650982260646E+02 
  1.356052114953104990E+02 
  1.387501552486107812E+02 
  1.411404211415451186E+02 
  1.423084339575333104E+02 
  1.415919667425289106E+02 
  1.387560843892755713E+02 
  1.346014120265124632E+02 
  1.299573773331770212E+02 
  1.256534079882078174E+02 
  1.225189316705359488E+02 
  1.213809408177280318E+02 
  1.218019641587317068E+02 
  1.228063736230499359E+02 
  1.241337289770592918E+02 
  1.255235899871387488E+02 
  1.267155164196644250E+02 
  1.274490680410151384E+02 
  1.275036067658789705E+02 
  1.270424704640683586E+02 
  1.262629623413084232E+02 
  1.253317692148507660E+02 
  1.244155779019451700E+02 
  1.236810752198430379E+02 
  1.232949479857953889E+02 
  1.235337569545517056E+02 
  1.246186735696461483E+02 
  1.262223879046651120E+02 
  1.279919763406121831E+02 
  1.295745152584905213E+02 
  1.306170810393060435E+02 
  1.307898143946133303E+02 
  1.301850984739137118E+02 
  1.290539777364783163E+02 
  1.276076734377857917E+02 
  1.260574068333121431E+02 
  1.246143991785366723E+02 
  1.234898717289354266E+02 
  1.227975222686724379E+02 
  1.222811024149097392E+02 
  1.218598000722040666E+02 
  1.214778942279687470E+02 
  1.210796638696161125E+02 
  1.206093879845591204E+02 
  1.200113455602109269E+02 
  1.191038840633173805E+02 
  1.175039270314760529E+02 
  1.154534323754333087E+02 
  1.132501716144749793E+02 
  1.111919162678871942E+02 
  1.095764378549526015E+02 
  1.087015078949577429E+02 
  1.086106213124934072E+02 
  1.085907780091117729E+02 
  1.085743682346223409E+02 
  1.085614286520275442E+02 
  1.085519959243299155E+02 
  1.085461067145318736E+02 
  1.085437976856359370E+02 
  1.087066270375684667E+02 
  1.092472095175485123E+02 
  1.100689084707804284E+02 
  1.110704759275738951E+02 
  1.121506639182372282E+02 
  1.132082244730785163E+02 
  1.141583243469333979E+02 
  1.152713379902175888E+02 
  1.165495574286422169E+02 
  1.178241669574616139E+02 
  1.189263508719301257E+02 
  1.196872934673039737E+02 
  1.199396765057931447E+02 
  1.197820928570382932E+02 
  1.194262857994103229E+02 
  1.189673265122251706E+02 
  1.185002861747979210E+02 
  1.181202359664446391E+02 
  1.179222470664805229E+02 
  1.179192363578769687E+02 
  1.179462894961182542E+02 
  1.179859955873691035E+02 
  1.180299193296230840E+02 
  1.180696254208739333E+02 
  1.180966785591152330E+02 
  1.180880529486353652E+02 
  1.177764535942575606E+02 
  1.171727298451510109E+02 
  1.164197298160970035E+02 
  1.156603016218778208E+02 
  1.150372933772758159E+02 
  1.146935531970722195E+02 
  1.147711551369537943E+02 
  1.152837041084564049E+02 
  1.161005605050897884E+02 
  1.170856137449749070E+02 
  1.181027532462344851E+02 
  1.190158684269890870E+02 
  1.196888487053613375E+02 
  1.200642511298164976E+02 
  1.203932674055934768E+02 
  1.206976763116800981E+02 
  1.209647234913736895E+02 
  1.211816545879722185E+02 
  1.213357152447731977E+02 
  1.214141511050742679E+02 
  1.213869816470610914E+02 
  1.211942908802416525E+02 
  1.208696360084467187E+02 
  1.204557088742032960E+02 
  1.199952013200385750E+02 
  1.195308051884789649E+02 
  1.191052123220518695E+02 
  1.187017288298559663E+02 
  1.182205228685933349E+02 
  1.177028090257928312E+02 
  1.171964542107532168E+02 
  1.167493253327744327E+02 
  1.164092893011553542E+02 
  1.162242130251956524E+02 
  1.162384389373449807E+02 
  1.164367271853165846E+02 
  1.167541968665837686E+02 
  1.171244516394779254E+02 
  1.174810951623299360E+02 
  1.177577310934706816E+02 
  1.178879630912315122E+02 
  1.178782855165210037E+02 
  1.178364356099204713E+02 
  1.177746519237773413E+02 
  1.177028540645131471E+02 
  1.176309616385493229E+02 
  1.175688942523074587E+02 
  1.175264195644567735E+02 
  1.174939219702164337E+02 
  1.174621274372309330E+02 
  1.174329950275898540E+02 
  1.174084838033828504E+02 
  1.173905528266995191E+02 
  1.173811611596294995E+02 
  1.174818117168417899E+02 
  1.180398439759126177E+02 
  1.189232045312966051E+02 
  1.199465211343829765E+02 
  1.209244215365594926E+02 
  1.216715334892139708E+02 
  1.220024847437354936E+02 
  1.214779482635929782E+02 
  1.199320719574462260E+02 
  1.178226029348437862E+02 
  1.156115024387834893E+02 
  1.137607317122592150E+02 
  1.127322519982691205E+02 
  1.127319510075881084E+02 
  1.131158275231084218E+02 
  1.137349193756111276E+02 
  1.144975548048006999E+02 
  1.153120620503800779E+02 
  1.160867693520539348E+02 
  1.167300049495255223E+02 
  1.172588679210989255E+02 
  1.178267948853119265E+02 
  1.183871160877829425E+02 
  1.188866199982527547E+02 
  1.192720950864611069E+02 
  1.194903298221480270E+02 
  1.194892553764919683E+02 
  1.192650534720271764E+02 
  1.188743610594654569E+02 
  1.183773987263214451E+02 
  1.178343870601100747E+02 
  1.173055466483452705E+02 
  1.168510980785421651E+02 
  1.164797284505796995E+02 
  1.161192873007694004E+02 
  1.157678694182561685E+02 
  1.154257289455995448E+02 
  1.150931200253598803E+02 
  1.147702968000967445E+02 
  1.144575134123702895E+02 
  1.141317103711285625E+02 
  1.137688418922038522E+02 
  1.133994135066154456E+02 
  1.130549098415670670E+02 
  1.127668155242631087E+02 
  1.125666151819078067E+02 
  1.124857934417050842E+02 
  1.124875182088027401E+02 
  1.124944171528386079E+02 
  1.125060669202001407E+02 
  1.125224054353390812E+02 
  1.125433706227071440E+02 
  1.125689004067560433E+02 
  1.125989327119375503E+02 
  1.128331577152950018E+02 
  1.133886838285328480E+02 
  1.141140710925286754E+02 
  1.148577862546397625E+02 
  1.154682960622249652E+02 
  1.157940672626417751E+02 
  1.156460566004098069E+02 
  1.149458323411531211E+02 
  1.138960347204192232E+02 
  1.127106857074067534E+02 
  1.116038072713161711E+02 
  1.107894213813477649E+02 
  1.103695527967761194E+02 
  1.100137962275805137E+02 
  1.096947851423595495E+02 
  1.094296799046386326E+02 
  1.092356408779430410E+02 
  1.091298284257977542E+02 
  1.091964369093334142E+02 
  1.098004578301345759E+02 
  1.108483602013929215E+02 
  1.121656886569446669E+02 
  1.135779878306283308E+02 
  1.149108023562795040E+02 
  1.160648673007358553E+02 
  1.173958168495206422E+02 
  1.188280283728941811E+02 
  1.201820169887692629E+02 
  1.212782978150556374E+02 
  1.219373859696657263E+02 
  1.220445344276483013E+02 
  1.220052921080793311E+02 
  1.219295456888495863E+02 
  1.218234807389908667E+02 
  1.216932828275347163E+02 
  1.215451375235128921E+02 
  1.213645071020118849E+02 
  1.210295875723702750E+02 
  1.205678203868195197E+02 
  1.200377498182859171E+02 
  1.194979201396965749E+02 
  1.190068756239786012E+02 
  1.186191334676153559E+02 
  1.182533091661007774E+02 
  1.178773269874525624E+02 
  1.175204176428562448E+02 
  1.172118118434972587E+02 
  1.169807403005605408E+02 
  1.168564337252315966E+02 
  1.169731275280353913E+02 
  1.177144759223419186E+02 
  1.188693928098343662E+02 
  1.201574927714044918E+02 
  1.212983903879414811E+02 
  1.220117002403370634E+02 
  1.221195592590980254E+02 
  1.221112443595713444E+02 
  1.220949528626166085E+02 
  1.220712209192036255E+02 
  1.220405846803022172E+02 
  1.220035802968821770E+02 
  1.219607439199133836E+02 
  1.218954548864935816E+02 
  1.217535427939193511E+02 
  1.215360234643737698E+02 
  1.212485646833885795E+02 
  1.208968342364956214E+02 
  1.204864999092261542E+02 
  1.200232294871123031E+02 
  1.191706893664245115E+02 
  1.175049359974318008E+02 
  1.153463435068828176E+02 
  1.130290959044145040E+02 
  1.108873771996686060E+02 
  1.092553714022821083E+02 
  1.084672625218958188E+02 
  1.085768069520714363E+02 
  1.090596490555715974E+02 
  1.097466360215713763E+02 
  1.104848503500715395E+02 
  1.111213745410716314E+02 
  1.115032910945714235E+02 
  1.115396773664930237E+02 
  1.114670447685680301E+02 
  1.113512551962680135E+02 
  1.112195370245929809E+02 
  1.110991186285430246E+02 
  1.110172283831180096E+02 
  1.111514609244666758E+02 
  1.136963386493848560E+02 
  1.184015932110883398E+02 
  1.240075296610106079E+02 
  1.292544530505953730E+02 
  1.328826684312749364E+02 
  1.337581049110686706E+02 
  1.332697630899185981E+02 
  1.323278274808287165E+02 
  1.311384770783163276E+02 
  1.299078908769009502E+02 
  1.288422478710995449E+02 
  1.281477270554313179E+02 
  1.279961421626501448E+02 
  1.280468487061258713E+02 
  1.281437162428345289E+02 
  1.282684993209055051E+02 
  1.284029524884679461E+02 
  1.285288302936510831E+02 
  1.286278872845842898E+02 
  1.286818780093967121E+02 
  1.285515772566147632E+02 
  1.278255433642567169E+02 
  1.265958797613238431E+02 
  1.250039778956235921E+02 
  1.231912292149664978E+02 
  1.212990251671593285E+02 
  1.194687572000119786E+02 
  1.178418167613341723E+02 
  1.164987751571303960E+02 
  1.152630633567127632E+02 
  1.140780842025265969E+02 
  1.129075985076256501E+02 
  1.117153670850636615E+02 
  1.104651507478923236E+02 
  1.091207103091661423E+02 
  1.076176696886929562E+02 
  1.056155139580842359E+02 
  1.032372368618588467E+02 
  1.007567934380218020E+02 
  9.844813872458338722E+01 
  9.658522775954868678E+01 
  9.544201558092690618E+01 
  9.531585333209585542E+01 
  9.650574740420950093E+01 
  9.863824737853667557E+01 
  1.012131074809739886E+02 
  1.037300819374144254E+02 
  1.056889249737510852E+02 
  1.065893908158803924E+02 
  1.066241340254387637E+02 
  1.066393436422070238E+02 
  1.066489053148883954E+02 
  1.066571375893242930E+02 
  1.066683590113561451E+02 
  1.066868881268253801E+02 
  1.067446512380530663E+02 
  1.069601115306102201E+02 
  1.073022636327973487E+02 
  1.077197415958092108E+02 
  1.081611794708398122E+02 
  1.085752113090840396E+02 
  1.089309896150840302E+02 
  1.093249601431929676E+02 
  1.097411826131823318E+02 
  1.101358060709358284E+02 
  1.104649795623380442E+02 
  1.106848521332728694E+02 
  1.107665685841324574E+02 
  1.108128872941203014E+02 
  1.108515026668887629E+02 
  1.108815499455583051E+02 
  1.109021643732493345E+02 
  1.109124811930822716E+02 
  1.108866818922419668E+02 
  1.107349552523531173E+02 
  1.105024116842089228E+02 
  1.102502761334574046E+02 
  1.100397735457466126E+02 
  1.099321288667242271E+02 
  1.099570846056275570E+02 
  1.100575301939689297E+02 
  1.101973799899654836E+02 
  1.103420688991827632E+02 
  1.104570318271865546E+02 
  1.105077036795424021E+02 
  1.103819751626398045E+02 
  1.100426945418900857E+02 
  1.096137817420809029E+02 
  1.092197259007947139E+02 
  1.089850161556148294E+02 
  1.089736416695487833E+02 
  1.090265866274392010E+02 
  1.091150451080489319E+02 
  1.092279869331599258E+02 
  1.093543819245539055E+02 
  1.094835740154291273E+02 
  1.096305983249148142E+02 
  1.098081822977574262E+02 
  1.100162918509361134E+02 
  1.102548929014296135E+02 
  1.105239513662171476E+02 
  1.108758728763496890E+02 
  1.113751510853398372E+02 
  1.119373928593621343E+02 
  1.124738475154612587E+02 
  1.128957643706830822E+02 
  1.131569251354504786E+02 
  1.133514633380292622E+02 
  1.135135906219803701E+02 
  1.136707952986137258E+02 
  1.138505656792396366E+02 
  1.140816033415363933E+02 
  1.143763543828017504E+02 
  1.147051366695746282E+02 
  1.150343035374049379E+02 
  1.153302083218433012E+02 
  1.155607819162089385E+02 
  1.157310185240826144E+02 
  1.158694728229233561E+02 
  1.160027007492922593E+02 
  1.161572582397507318E+02 
  1.163597012308599687E+02 
  1.166810805672246687E+02 
  1.172343841170917074E+02 
  1.179025404272070432E+02 
  1.185509179271693085E+02 
  1.190452857941235578E+02 
  1.194439131525017075E+02 
  1.198371650436982350E+02 
  1.201849583000025490E+02 
  1.204472097537048114E+02 
  1.205838362370945873E+02 
  1.205805957242133815E+02 
  1.205196300825629123E+02 
  1.204400953835816068E+02 
  1.203751506582173789E+02 
  1.203813293904032520E+02 
  1.209951046137015851E+02 
  1.221718909658003582E+02 
  1.235678721877201269E+02 
  1.248392320204840757E+02 
  1.257357914871821407E+02 
  1.265076308311854945E+02 
  1.272222492943683392E+02 
  1.279011263032823820E+02 
  1.285657412844809073E+02 
  1.292428205621705786E+02 
  1.300337573748103637E+02 
  1.308836508088530195E+02 
  1.316775914147221158E+02 
  1.323006697428430982E+02 
  1.326379763436399060E+02 
  1.326402804897682586E+02 
  1.324938745791810959E+02 
  1.322357658653434385E+02 
  1.318833256965390319E+02 
  1.314539254210520483E+02 
  1.305717607679478078E+02 
  1.283704697131615546E+02 
  1.254837183555588638E+02 
  1.226444553466298686E+02 
  1.205856293378698894E+02 
  1.199985004812151317E+02 
  1.201652870002842661E+02 
  1.205248705594900116E+02 
  1.210243655875591315E+02 
  1.216108865132177641E+02 
  1.222315477651919196E+02 
  1.229445488224140206E+02 
  1.238979754876653772E+02 
  1.250078197560586943E+02 
  1.261837361058969407E+02 
  1.273353790154829284E+02 
  1.284420354887862175E+02 
  1.297623329585170495E+02 
  1.311374665947046765E+02 
  1.323388201989166930E+02 
  1.331377775727211201E+02 
  1.333238508698636622E+02 
  1.331087321599146946E+02 
  1.327136136398468409E+02 
  1.322580965123969747E+02 
  1.318617819803020552E+02 
  1.316442712462983593E+02 
  1.316391372384244107E+02 
  1.316736550314857084E+02 
  1.317353876090617177E+02 
  1.318233325158852267E+02 
  1.319364872966891937E+02 
  1.321276318757680031E+02 
  1.338014494371529679E+02 
  1.369157054518778978E+02 
  1.405738937462079150E+02 
  1.438795081464148495E+02 
  1.459360424787632553E+02 
  1.462150086980074946E+02 
  1.462055839521088956E+02 
  1.461870118929785747E+02 
  1.461593881030303521E+02 
  1.461228081646782186E+02 
  1.460773676603359661E+02 
  1.460231621724175568E+02 
  1.459602872833368679E+02 
  1.458888385755077763E+02 
  1.458084728737055400E+02 
  1.452431058866616240E+02 
  1.439234610002411898E+02 
  1.420741692351389815E+02 
  1.399198616120463896E+02 
  1.376851691516592382E+02 
  1.355947228746683777E+02 
  1.338731538017687797E+02 
  1.327450929536544209E+02 
  1.324262862041711912E+02 
  1.326684070430952431E+02 
  1.331787429311132485E+02 
  1.338367477787447513E+02 
  1.345218754965088976E+02 
  1.351135799949261980E+02 
  1.354913151845156278E+02 
  1.355202694832059365E+02 
  1.350208785073513695E+02 
  1.340891679264726974E+02 
  1.328765631714005906E+02 
  1.315344896729681068E+02 
  1.302143728620055185E+02 
  1.290676381693453436E+02 
  1.282457110258198441E+02 
  1.279000168622598039E+02 
  1.281095664369005362E+02 
  1.287482457190602929E+02 
  1.296780764133810067E+02 
  1.307613982777055242E+02 
  1.318605510698785679E+02 
  1.328378745477425866E+02 
  1.335557084691422176E+02 
  1.338763925919202791E+02 
  1.338301038552292539E+02 
  1.336623295339821595E+02 
  1.334154405949126954E+02 
  1.331279356355011316E+02 
  1.328383132532281365E+02 
  1.325850720455744067E+02 
  1.324067106100201840E+02 
  1.323417228679531092E+02 
  1.324121749721009280E+02 
  1.325995342013857510E+02 
  1.328804588382323573E+02 
  1.332316071650659808E+02 
  1.336296374643111733E+02 
  1.340512080183933108E+02 
  1.344729771097370588E+02 
  1.348752676861897726E+02 
  1.353281442603112339E+02 
  1.358478858701967056E+02 
  1.364095389256913791E+02 
  1.369881498366395363E+02 
  1.375587650128855159E+02 
  1.380964308642745095E+02 
  1.385761938006505432E+02 
  1.389814123277649287E+02 
  1.393872180783915837E+02 
  1.398014813077498388E+02 
  1.402037188115880895E+02 
  1.405734473856539068E+02 
  1.408901838256956296E+02 
  1.411334449274610279E+02 
  1.412827474866979856E+02 
  1.413151589670227963E+02 
  1.411617554357585504E+02 
  1.408420226585667194E+02 
  1.404142195657197192E+02 
  1.399366050874901362E+02 
  1.394674381541497610E+02 
  1.390649776959714359E+02 
  1.387874826432269515E+02 
  1.386937148728554519E+02 
  1.389260969224438043E+02 
  1.394888427493760616E+02 
  1.402733360235019404E+02 
  1.411709604146726917E+02 
  1.420730995927381457E+02 
  1.428711372275481324E+02 
  1.434564569889539030E+02 
  1.437204425468051454E+02 
  1.437339895787321211E+02 
  1.437425940628338594E+02 
  1.437499483207430160E+02 
  1.437560424530848309E+02 
  1.437608665604845157E+02 
  1.437644107435673106E+02 
  1.437666651029584557E+02 
  1.437676197392831909E+02 
  1.437131102497223480E+02 
  1.435006108822384476E+02 
  1.431654749834009976E+02 
  1.427482452367195833E+02 
  1.422894643257039320E+02 
  1.418296749338630036E+02 
  1.414094197447068098E+02 
  1.410525471281537762E+02 
  1.406857320874966888E+02 
  1.403066495819672355E+02 
  1.399299364807112624E+02 
  1.395702296528755539E+02 
  1.392421659676059846E+02 
  1.389603822940491114E+02 
  1.387394610511304052E+02 
  1.385663025968441673E+02 
  1.384179139508881349E+02 
  1.382877765301229545E+02 
  1.381693717514095567E+02 
  1.380561810316088724E+02 
  1.379416857875815481E+02 
  1.378193674361886281E+02 
  1.376847425277611876E+02 
  1.375505004317519422E+02 
  1.374178735843672996E+02 
  1.372840979093128908E+02 
  1.371464093302947163E+02 
  1.370020437710183501E+02 
  1.368482371551897074E+02 
  1.366822254065146751E+02 
  1.364901066664136238E+02 
  1.362313155688548250E+02 
  1.359280880272581555E+02 
  1.356099949016718540E+02 
  1.353066070521442157E+02 
  1.350474953387229675E+02 
  1.348622306214564617E+02 
  1.347803837603925672E+02 
  1.350784957102571866E+02 
  1.360697512676072449E+02 
  1.375375033976604300E+02 
  1.392564582126126140E+02 
  1.410013218246630515E+02 
  1.425468003460080695E+02 
  1.436675998888443928E+02 
  1.441384265653706223E+02 
  1.439578880374159837E+02 
  1.434230560384498574E+02 
  1.426662196220618455E+02 
  1.418183548457284928E+02 
  1.410104377669248663E+02 
  1.403734444431277666E+02 
  1.400383509318124879E+02 
  1.401019101850474442E+02 
  1.404788339183888013E+02 
  1.410583015248262768E+02 
  1.417325769016486845E+02 
  1.423939239461462307E+02 
  1.429346065556078997E+02 
  1.432468886273229316E+02 
  1.432313379864366709E+02 
  1.429089379928089443E+02 
  1.423890934947453104E+02 
  1.417830408327731107E+02 
  1.412020163474198569E+02 
  1.407572563792120945E+02 
  1.405599972686774208E+02 
  1.410067833786926315E+02 
  1.423335363313406390E+02 
  1.441722496141719319E+02 
  1.461505884415998935E+02 
  1.478962180280339567E+02 
  1.490368035878873911E+02 
  1.492773590087890625E+02 
  1.492773590087890625E+02 
