   682 
  4.348816531310959910E+00 
  4.419069939203359887E+00 
  4.488211596445824902E+00 
  4.554828260686749175E+00 
  4.617506689574519818E+00 
  4.674833640757528386E+00 
  4.789440435045159816E+00 
  4.892485874252637146E+00 
  4.980934751889899204E+00 
  5.052876674065655216E+00 
  5.107081024570127248E+00 
  5.142996964875054644E+00 
  5.160753434133694029E+00 
  5.161159149180816641E+00 
  5.145702604532712776E+00 
  5.116552072387187344E+00 
  5.076555602623561647E+00 
  5.028987671823370142E+00 
  4.975438122312588973E+00 
  4.917051761499942941E+00 
  4.854973396794159513E+00 
  4.790347835603961713E+00 
  4.724319885338074343E+00 
  4.658034353405224870E+00 
  4.592636047214137207E+00 
  4.529269774173537044E+00 
  4.469080341692150071E+00 
  4.413212557178701090E+00 
  4.362811228041914902E+00 
  4.319045710930741855E+00 
  4.284708166616977287E+00 
  4.263039850751431104E+00 
  4.256537736205133982E+00 
  4.266954513069347144E+00 
  4.295298588655553473E+00 
  4.341834087495465511E+00 
  4.406080851341021010E+00 
  4.486814439164381163E+00 
  4.582066127157938595E+00 
  4.689098359494082047E+00 
  4.802806493442579594E+00 
  4.916892508614418844E+00 
  5.025058384620583851E+00 
  5.121873631423190076E+00 
  5.204380892060330943E+00 
  5.270402626652434641E+00 
  5.318451914086504750E+00 
  5.347732452016130900E+00 
  5.358138556861476332E+00 
  5.350255163809291226E+00 
  5.325357826812902928E+00 
  5.285412718592215064E+00 
  5.233076630633720860E+00 
  5.170829442839354861E+00 
  5.099368520801657922E+00 
  5.019302031797417740E+00 
  4.931238143103418459E+00 
  4.835785021996453104E+00 
  4.733550835753305819E+00 
  4.625143751650766077E+00 
  4.511171936965618912E+00 
  4.392243558974652906E+00 
  4.268966784954656646E+00 
  4.141949782182416939E+00 
  4.011800717934722371E+00 
  3.879127759488357974E+00 
  3.744539074120113220E+00 
  3.608642829106774919E+00 
  3.472047191725130766E+00 
  3.335360329251968459E+00 
  3.199190408964076138E+00 
  3.064145598138240167E+00 
  2.930834064051248244E+00 
  2.799863973979888954E+00 
  2.671843495200949548E+00 
  2.547380794991217279E+00 
  2.427084040627479400E+00 
  2.311561399386523163E+00 
  2.201421038545137598E+00 
  2.097271125380108625E+00 
  1.999719827168225050E+00 
  1.909375311186274571E+00 
  1.826845744711043551E+00 
  1.752739295019320354E+00 
  1.687664129387891787E+00 
  1.632228415093545326E+00 
  1.590614986980816159E+00 
  1.570496608458005650E+00 
  1.578219693032383519E+00 
  1.618793845180186874E+00 
  1.695891860346629532E+00 
  1.811849724945906903E+00 
  1.967666616361174237E+00 
  2.163004902944575925E+00 
  2.396190144017214863E+00 
  2.664211089869177762E+00 
  2.959145014191780554E+00 
  3.268242453081536603E+00 
  3.578743483504974954E+00 
  3.877888182428622876E+00 
  4.152916626819008528E+00 
  4.392418234181446834E+00 
  4.589197698486382038E+00 
  4.739154282992598333E+00 
  4.841239917827033779E+00 
  4.897459199984767864E+00 
  4.912869393329009071E+00 
  4.895580428591128630E+00 
  4.856678571419815960E+00 
  4.808791506825001782E+00 
  4.764978697643812211E+00 
  4.737373804608466799E+00 
  4.734318750419953759E+00 
  4.761484426924805113E+00 
  4.821912597535289891E+00 
  4.916015897229423004E+00 
  5.041577832550975025E+00 
  5.193752781609447311E+00 
  5.365142326030913011E+00 
  5.547230166514085958E+00 
  5.731491764364379904E+00 
  5.909402580887202383E+00 
  6.072367050257168941E+00 
  6.192480031865983392E+00 
  6.236450573643480766E+00 
  6.185115707881341685E+00 
  6.033440451233076374E+00 
  5.790517804714069072E+00 
  5.479568753701530071E+00 
  5.137426453808692450E+00 
  4.783348096824592055E+00 
  4.422451286142704774E+00 
  4.060746099785149887E+00 
  3.724373638054798707E+00 
  3.445682260214236514E+00 
  3.243713788662048181E+00 
  3.124203508932829720E+00 
  3.079580169697151426E+00 
  3.088965982761600060E+00 
  3.118692437194583000E+00 
  3.153488433386551826E+00 
  3.193043907621361033E+00 
  3.237048796182863786E+00 
  3.285193035354914137E+00 
  3.337166561421367028E+00 
  3.392659310666075179E+00 
  3.451361219372893974E+00 
  3.512962223825676578E+00 
  3.577152260308277043E+00 
  3.643621265104550755E+00 
  3.712059174498350878E+00 
  3.782155924773531019E+00 
  3.853601452213945233E+00 
  3.926085693103448904E+00 
  3.999298583725895639E+00 
  4.072930060365138161E+00 
  4.146670059305032296E+00 
  4.220208516829432099E+00 
  4.293235369222191622E+00 
  4.365440552767164029E+00 
  4.436514003748203372E+00 
  4.506145658449165481E+00 
  4.574025453153902632E+00 
  4.639843324146269765E+00 
  4.703289207710120046E+00 
  4.764053040129309302E+00 
  4.821824757687689811E+00 
  4.876294296669116513E+00 
  4.927151593357443460E+00 
  4.974086584036523817E+00 
  5.016789204990212525E+00 
  5.054949392502363636E+00 
  5.088257082856832092E+00 
  5.116130574745147541E+00 
  5.124387462869596455E+00 
  5.096310649802191506E+00 
  5.022218065433269985E+00 
  4.899462666971510671E+00 
  4.732432438943908082E+00 
  4.532550393195806215E+00 
  4.318274568890863918E+00 
  4.103883268960709430E+00 
  3.892961520802606490E+00 
  3.689160010855776939E+00 
  3.509541694817379209E+00 
  3.373515785783540277E+00 
  3.293268034800758137E+00 
  3.273760730865876489E+00 
  3.312732700926122043E+00 
  3.400699309879066767E+00 
  3.520952460572654097E+00 
  3.660775357355562587E+00 
  3.817956045379520269E+00 
  3.990300113615316668E+00 
  4.175613151033741310E+00 
  4.371700746605585053E+00 
  4.576368489301638753E+00 
  4.787421968092693270E+00 
  5.002666771949539459E+00 
  5.219908489842964627E+00 
  5.436952710743760520E+00 
  5.651605023622717106E+00 
  5.861671017450627019E+00 
  6.064956281198277566E+00 
  6.259266403836461379E+00 
  6.442406974335968428E+00 
  6.612183581667586907E+00 
  6.766401814802108561E+00 
  6.902867262710323359E+00 
  7.018467905637986171E+00 
  7.087603860572315284E+00 
  7.083927044015888796E+00 
  6.993092898729242002E+00 
  6.812760393730828312E+00 
  6.552592024297061002E+00 
  6.234253811962284786E+00 
  5.891214451951702458E+00 
  5.542827680312366390E+00 
  5.193810783822025101E+00 
  4.849812684131899587E+00 
  4.538984192300172360E+00 
  4.290238346018101723E+00 
  4.120498682867411944E+00 
  4.034699240320349212E+00 
  4.025784555739621240E+00 
  4.074709666378444339E+00 
  4.150640961947596352E+00 
  4.236873817484444693E+00 
  4.331354083444087344E+00 
  4.432027610281616958E+00 
  4.536840248452131519E+00 
  4.643737848410723679E+00 
  4.750666260612488756E+00 
  4.855571335512523845E+00 
  4.956398923565922487E+00 
  5.051094875227780001E+00 
  5.137605040953191704E+00 
  5.213875271197252026E+00 
  5.272211483765301132E+00 
  5.298934657999099684E+00 
  5.285632687746134373E+00 
  5.229301542050021290E+00 
  5.132345265150524583E+00 
  5.002575976483537801E+00 
  4.853213870681096331E+00 
  4.698716206781517357E+00 
  4.544226725112585186E+00 
  4.394144295113813214E+00 
  4.258446918880983034E+00 
  4.153036736979956345E+00 
  4.088488175477381859E+00 
  4.069906785250289261E+00 
  4.096929241986065229E+00 
  4.163723346182480967E+00 
  4.258988023147667334E+00 
  4.370124333789986437E+00 
  4.493786057734846295E+00 
  4.627311045502425557E+00 
  4.768037147612907312E+00 
  4.913302214586477312E+00 
  5.060444096943316872E+00 
  5.206800645203612632E+00 
  5.349709709887545905E+00 
  5.486509141515298005E+00 
  5.614536790607056460E+00 
  5.731130507683001696E+00 
  5.833628143263317689E+00 
  5.911274410279791169E+00 
  5.945606711923714371E+00 
  5.925599857919172209E+00 
  5.847804972972717508E+00 
  5.716349496773363903E+00 
  5.542937183992615147E+00 
  5.346848104284434910E+00 
  5.147924908886789552E+00 
  4.957732224502800378E+00 
  4.786476470018359741E+00 
  4.651188296962724955E+00 
  4.575336761660622642E+00 
  4.573684608958944686E+00 
  4.652149363777094315E+00 
  4.807803331106979883E+00 
  5.028873596012985558E+00 
  5.294742023632009520E+00 
  5.582958992571913193E+00 
  5.878084001030371653E+00 
  6.164765850077261966E+00 
  6.427552442095711527E+00 
  6.648695517687649215E+00 
  6.811776190652255814E+00 
  6.903452958025704689E+00 
  6.913461700081161787E+00 
  6.834615680328823828E+00 
  6.662805545515868566E+00 
  6.396999325626504529E+00 
  6.039242433881932826E+00 
  6.032133980564455378E+00 
  6.615852705403652223E+00 
  7.696009075710357195E+00 
  9.197925542034727897E+00 
  1.106135264731813272E+01 
  1.323757409253593664E+01 
  1.568703656491099352E+01 
  1.837740920538225708E+01 
  2.128199483494364941E+01 
  2.437842917678829480E+01 
  2.721013955565084075E+01 
  2.952854792663573136E+01 
  3.142670015815446050E+01 
  3.298077576412245548E+01 
  3.425314525533676857E+01 
  3.529487328707209315E+01 
  3.614776806299720846E+01 
  3.684605924518665176E+01 
  3.741777171064832430E+01 
  3.788585028803984045E+01 
  3.826908061420725460E+01 
  3.858284306775263417E+01 
  3.883973003763143339E+01 
  3.905005129993621438E+01 
  3.922224778541132650E+01 
  3.936323034364174589E+01 
  3.947865709971259918E+01 
  3.957316053463583927E+01 
  3.965053340307899532E+01 
  3.971388094992727247E+01 
  3.976574553466399209E+01 
  3.980820866518357803E+01 
  3.984297453601190853E+01 
  3.987143842361661683E+01 
  3.989474268375074217E+01 
  3.991382259820027656E+01 
  3.992944391092620293E+01 
  3.994223356005837644E+01 
  3.995270483912396742E+01 
  3.996127799731901575E+01 
  3.996829710558431259E+01 
  3.997404386538029541E+01 
  3.997874891435581191E+01 
  3.998260108264680923E+01 
  3.998575497129267831E+01 
  3.998833715691883839E+01 
  3.999045127170113290E+01 
  3.999218216248893043E+01 
  3.999359929600711894E+01 
  3.999475954679967771E+01 
  3.999570947980483027E+01 
  3.999648721916950933E+01 
  3.999712397830525390E+01 
  3.999764531259199174E+01 
  3.999807214500518171E+01 
  3.999842160582826267E+01 
  3.999870772015112408E+01 
  3.999894197074614510E+01 
  3.999913375891220824E+01 
  3.999929078178185193E+01 
  3.999941934123415876E+01 
  3.999952459681136219E+01 
  3.999961077278935306E+01 
  3.999968132771270746E+01 
  3.999973909319824372E+01 
  3.999978638757771421E+01 
  3.999982510894063381E+01 
  3.999985681131126114E+01 
  3.999988276701704137E+01 
  3.999990401775157522E+01 
  3.999992141638146137E+01 
  3.999993566117481691E+01 
  3.999994732382521079E+01 
  3.999995687239574238E+01 
  3.999996469010409328E+01 
  3.999997109070233137E+01 
  3.999997633106895023E+01 
  3.999998062151825451E+01 
  3.999998413424104626E+01 
  3.999998701021522862E+01 
  3.999998936486372969E+01 
  3.999999129268687170E+01 
  3.999999287105496393E+01 
  3.999999416331346680E+01 
  3.999999522132523566E+01 
  3.999999608755201308E+01 
  3.999999679675850928E+01 
  3.999999737740768069E+01 
  3.999999785280301978E+01 
  3.999999824202379983E+01 
  3.999999856069081972E+01 
  3.999999882159330866E+01 
  3.999999903520220101E+01 
  3.999999921009036541E+01 
  3.999999935327669220E+01 
  3.999999947050774551E+01 
  3.999999956648840538E+01 
  3.999999964507073003E+01 
  3.999999970940849892E+01 
  3.999999976208378882E+01 
  3.999999980521069176E+01 
  3.999999984051999746E+01 
  3.999999986942881236E+01 
  3.999999989309735327E+01 
  3.999999991247552344E+01 
  3.999999992834101192E+01 
  3.999999994133058578E+01 
  3.999999995196554892E+01 
  3.999999996067271724E+01 
  3.999999996780154277E+01 
  3.999999997363813264E+01 
  3.999999997841673149E+01 
  3.999999998232911480E+01 
  3.999999998553230540E+01 
  3.999999998815485469E+01 
  3.999999999030201536E+01 
  3.999999999205995493E+01 
  3.999999999349924451E+01 
  3.999999999467762990E+01 
  3.999999999564241193E+01 
  3.999999999643230808E+01 
  3.999999999707902276E+01 
  3.999999999760850500E+01 
  3.999999999804200712E+01 
  3.999999999839693032E+01 
  3.649530428960413531E+01 
  3.292688889709532418E+01 
  2.935607759230172675E+01 
  2.580790506304693821E+01 
  2.229979932998203651E+01 
  1.884607348602776256E+01 
  1.545792569637477598E+01 
  1.214343919848386477E+01 
  8.907582302086080261E+00 
  5.752208389182889903E+00 
  6.180751623129678407E+00 
  6.747859505048994677E+00 
  7.384716862332446397E+00 
  8.055682678248283324E+00 
  8.729607675506656506E+00 
  9.375342576817711659E+00 
  9.960761731844863576E+00 
  1.042825951209710489E+01 
  1.072112217302797887E+01 
  1.079905306615386529E+01 
  1.063817263905395905E+01 
  1.023101843537037503E+01 
  9.586545094808016643E+00 
  8.730124353134707249E+00 
  7.703545042181080937E+00 
  6.565013089840618932E+00 
  5.390125139066300974E+00 
  4.265826625121746929E+00 
  3.255477921460139701E+00 
  2.407955652464840668E+00 
  1.757652693449421433E+00 
  1.324478170657572118E+00 
  1.113857461263219051E+00 
  1.116732193370401749E+00 
  1.309560246013370399E+00 
  1.654315749156571425E+00 
  2.098491837744709265E+00 
  2.605646179559289788E+00 
  3.163962967240748103E+00 
  3.761626393429527759E+00 
  4.386820650766077634E+00 
  5.027729931890834614E+00 
  5.672538429444246688E+00 
  6.309430336066755629E+00 
  6.926589844398804985E+00 
  7.512201147080834751E+00 
  8.054448436753293805E+00 
  8.541515906056613261E+00 
  8.962068088266864407E+00 
  9.311557280371024703E+00 
  9.588754070729338608E+00 
  9.793875533594221139E+00 
  9.928585229110225896E+00 
  9.995993203314078812E+00 
  1.000065598813464973E+01 
  9.948576601392959518E+00 
  9.847204546802192482E+00 
  9.705435813967683956E+00 
  9.533132537751312086E+00 
  9.334815575196188320E+00 
  9.113133977864297464E+00 
  8.870736797317633204E+00 
  8.610273085118187453E+00 
  8.334391892827955672E+00 
  8.045742272008922669E+00 
  7.746973274223082129E+00 
  7.440733951032427740E+00 
  7.129673353998947860E+00 
  6.816440534684637953E+00 
  6.503684544651482824E+00 
  6.194054435461479713E+00 
  5.890199258676616978E+00 
  5.594768065858889194E+00 
  5.310409908570283832E+00 
  5.039773838372794579E+00 
  4.785508906828413345E+00 
  4.550264165499127600E+00 
  4.336688665946934584E+00 
  4.147431459733819992E+00 
  3.985172430929501353E+00 
  3.885342930267918771E+00 
  3.898914188662518931E+00 
  4.057058903219890489E+00 
  4.371151237239687681E+00 
  4.832766820214695613E+00 
  5.413682747830825370E+00 
  6.065877581967063392E+00 
  6.731059618471839201E+00 
  7.383890626658529577E+00 
  8.005974190660666068E+00 
  8.548391368728605499E+00 
  8.948912279714253515E+00 
  9.167334517057415866E+00 
  9.185483148785898777E+00 
  9.007210717515421905E+00 
  8.658397240449621890E+00 
  8.186950209380134069E+00 
  7.653276322910182117E+00 
  7.087057746959104065E+00 
  6.513232940899411183E+00 
  5.956740364103612073E+00 
  5.442518475944217116E+00 
  4.989729497349519427E+00 
  4.604960951333125330E+00 
  4.291912764891462118E+00 
  4.051661434013506202E+00 
  3.882660023680752026E+00 
  3.780738167867252031E+00 
  3.739102069539582462E+00 
  3.748334500656864687E+00 
  3.796394802170768745E+00 
  3.868618884025488480E+00 
  3.953495463601991666E+00 
  4.049464525188449571E+00 
  4.155230218082763827E+00 
  4.269496691582839176E+00 
  4.390968094986575920E+00 
  4.518348577591879689E+00 
  4.650342288696649895E+00 
  4.785653377598789504E+00 
  4.922985993596201482E+00 
  5.061044285986787017E+00 
  5.198532404068449964E+00 
  5.334154497139093287E+00 
  5.466614714496619065E+00 
  5.594617205438928487E+00 
  5.716866119263924517E+00 
  5.832065605269509234E+00 
  5.938919812753586491E+00 
  6.036132891014057478E+00 
  6.122408989348824271E+00 
  6.196449682933558023E+00 
  6.256246022220051550E+00 
  6.299545059382047896E+00 
  6.324548626192093792E+00 
  6.329913334021538773E+00 
  6.314750573840544057E+00 
  6.278626516218075437E+00 
  6.221562111321905952E+00 
  6.144033088918607888E+00 
  6.046969958373570542E+00 
  5.931760582773218715E+00 
  5.800958129526657459E+00 
  5.657814543919853278E+00 
  5.505581771238767352E+00 
  5.347511756769373292E+00 
  5.186856445797635828E+00 
  5.026867783609520579E+00 
  4.870797715490995827E+00 
  4.721898186728028968E+00 
  4.583421142606585619E+00 
  4.458618528412632287E+00 
  4.350620366550439044E+00 
  4.260983177802275534E+00 
  4.190459338206255602E+00 
  4.139388527918731242E+00 
  4.107697731214308590E+00 
  4.094901236485840812E+00 
  4.100100636244429886E+00 
  4.121984827119432815E+00 
  4.158830009858445642E+00 
  4.208499689327314996E+00 
  4.268566597391836304E+00 
  4.337764271658049786E+00 
  4.415217698594411821E+00 
  4.500051864669372570E+00 
  4.591391756351386633E+00 
  4.688362360108904170E+00 
  4.790088662410380671E+00 
  4.895695649724268961E+00 
  5.004308308519020088E+00 
  5.115051625263089541E+00 
  5.227050586424928369E+00 
  5.339430178472990285E+00 
  5.451315387875729002E+00 
  5.561831201101595568E+00 
  5.670102604619044584E+00 
  5.775254584896527987E+00 
  5.876412128402499491E+00 
  5.972700221605411031E+00 
  6.063243850973715432E+00 
  6.147168002975869072E+00 
  6.223597664080320335E+00 
  6.291657820755526487E+00 
  6.350473459469934134E+00 
  6.392833264040131525E+00 
  6.399646925780993811E+00 
  6.355283597850925226E+00 
  6.248108199176507505E+00 
  6.070481414452471469E+00 
  5.818759694141771632E+00 
  5.493295254475513367E+00 
  5.098436077452982218E+00 
  4.642525910841635906E+00 
  4.137904268177098999E+00 
  3.607242731415068793E+00 
  3.089087640781108313E+00 
  2.614896873517553288E+00 
  2.200913555084117235E+00 
  1.858990328604893660E+00 
  1.596777690363929691E+00 
  1.417723989805286022E+00 
  1.321075429533016266E+00 
  1.301876065311169173E+00 
  1.350967806063805288E+00 
  1.454990413874941213E+00 
  1.596381503988606454E+00 
  1.761001311716703599E+00 
  1.945722677313750593E+00 
  2.147606776529906281E+00 
  2.363714785115319295E+00 
  2.591107878820143817E+00 
  2.826847233394531145E+00 
  3.067994024588637014E+00 
  3.311609428152614498E+00 
  3.554754619836614893E+00 
  3.794490775390793935E+00 
  4.027879070565305142E+00 
  4.251980681110300253E+00 
  4.463856782775931897E+00 
  4.660568551312353591E+00 
  4.839177162469719740E+00 
  4.996743791998185635E+00 
  5.128760804885335922E+00 
  5.221958251811264162E+00 
  5.267157406051034663E+00 
  5.261752124986453616E+00 
  5.209708850106087752E+00 
  5.121566607005251903E+00 
  5.014187180207751560E+00 
  4.899379923584857188E+00 
  4.784074143045536687E+00 
  4.674712652975415494E+00 
  4.578820586999340136E+00 
  4.512198901526291550E+00 
  4.486070838846949016E+00 
  4.504600565621889707E+00 
  4.564893172881591354E+00 
  4.656994676026436686E+00 
  4.764141840004957551E+00 
  4.874137368894890798E+00 
  4.979189100320835948E+00 
  5.073326547713458368E+00 
  5.152451847838061205E+00 
  5.213266506406143641E+00 
  5.253271398075392007E+00 
  5.270766766449681562E+00 
  5.264852224079077381E+00 
  5.235426752459825472E+00 
  5.183188702034375872E+00 
  5.109635792191360437E+00 
  5.017053534157679628E+00 
  4.906705132300361427E+00 
  4.778780536597975193E+00 
  4.633469697029100942E+00 
  4.470962563572311588E+00 
  4.291449086206180930E+00 
  4.208612117920754514E+00 
  4.120058880837572879E+00 
  4.025836862451277476E+00 
  3.925993550256510645E+00 
