   590 
  1.404518848570710965E+00 
  1.428868468021566862E+00 
  1.450672175449914558E+00 
  1.470070551309771822E+00 
  1.487204176055161975E+00 
  1.502213630140136313E+00 
  1.515239494018709943E+00 
  1.526422348144929719E+00 
  1.535902772972820074E+00 
  1.543821348956408768E+00 
  1.550318656549737550E+00 
  1.555535276206830186E+00 
  1.559611788381725539E+00 
  1.562688773528452257E+00 
  1.564906812101041211E+00 
  1.566406484553527267E+00 
  1.567328371339940851E+00 
  1.567813052914315053E+00 
  1.568001109730681408E+00 
  1.568033122243071897E+00 
  1.560173782195948489E+00 
  1.536865479211856789E+00 
  1.505155027376282817E+00 
  1.472223750493914629E+00 
  1.445252972369442945E+00 
  1.431424016807512078E+00 
  1.434817892486741631E+00 
  1.450567203916509174E+00 
  1.476146959013352244E+00 
  1.509224905424444430E+00 
  1.547468790797018157E+00 
  1.588546362778226140E+00 
  1.630125369015310799E+00 
  1.669873557155442612E+00 
  1.705458674845796940E+00 
  1.734548469733609100E+00 
  1.754810689466042462E+00 
  1.763913081690315243E+00 
  1.763327069013651105E+00 
  1.759929754345398889E+00 
  1.754136208510381323E+00 
  1.746140615557775444E+00 
  1.736137159536742525E+00 
  1.724320024496457160E+00 
  1.710883394486097941E+00 
  1.696021453554819924E+00 
  1.679928385751810360E+00 
  1.662798375126221417E+00 
  1.644825605727232576E+00 
  1.626204261604025092E+00 
  1.607128526805748026E+00 
  1.587792585381593735E+00 
  1.568390621380710392E+00 
  1.549116818852279476E+00 
  1.530165361845482686E+00 
  1.511730434409468193E+00 
  1.494006220593428136E+00 
  1.477186904446511795E+00 
  1.461466670017900871E+00 
  1.447039701356773289E+00 
  1.434100182512282995E+00 
  1.422842297533615463E+00 
  1.413460230469928192E+00 
  1.406148165370398440E+00 
  1.401100286284199248E+00 
  1.398510777260494997E+00 
  1.398930513410297838E+00 
  1.404263043552625545E+00 
  1.414336557078237799E+00 
  1.428648565022283545E+00 
  1.446696578419936818E+00 
  1.467978108306335461E+00 
  1.491990665716661946E+00 
  1.518231761686062997E+00 
  1.546198907249680010E+00 
  1.575389613442702785E+00 
  1.605301391300256730E+00 
  1.635431751857533644E+00 
  1.665278206149674922E+00 
  1.694338265211821959E+00 
  1.722109440079166109E+00 
  1.748089241786834114E+00 
  1.771775181370013108E+00 
  1.792664769863846264E+00 
  1.810255518303482303E+00 
  1.824044937724099480E+00 
  1.833530539160840300E+00 
  1.838209833648873470E+00 
  1.837448938494202988E+00 
  1.830790466275406203E+00 
  1.818955654737429040E+00 
  1.802752675514816216E+00 
  1.782989700242081588E+00 
  1.760474900553764988E+00 
  1.736016448084413133E+00 
  1.710422514468530331E+00 
  1.684501271340676842E+00 
  1.659060890335355198E+00 
  1.634909543087112338E+00 
  1.612855401230492314E+00 
  1.593706636400002097E+00 
  1.578271420230194844E+00 
  1.567357924355584409E+00 
  1.561774320410713734E+00 
  1.561783162829270433E+00 
  1.565335126787505970E+00 
  1.571913334457539779E+00 
  1.581255546349622065E+00 
  1.593099522973991489E+00 
  1.607183024840882268E+00 
  1.623243812460552826E+00 
  1.641019646343227167E+00 
  1.660248286999168821E+00 
  1.680667494938609785E+00 
  1.702015030671780060E+00 
  1.724028654708946950E+00 
  1.746446127560327355E+00 
  1.769005209736189688E+00 
  1.791443661746763505E+00 
  1.813499244102278585E+00 
  1.834909717313002897E+00 
  1.855412841889154230E+00 
  1.874746378340998776E+00 
  1.892648087178766536E+00 
  1.908855728912691507E+00 
  1.923107064053034554E+00 
  1.935139853110022123E+00 
  1.944691856593909973E+00 
  1.951500835014933655E+00 
  1.955304548883333382E+00 
  1.955991021026276089E+00 
  1.955271400454390740E+00 
  1.953729089991837808E+00 
  1.951403153735990381E+00 
  1.948332655784222878E+00 
  1.944556660233904610E+00 
  1.940114231182412441E+00 
  1.935044432727113906E+00 
  1.929386328965383424E+00 
  1.923178983994598301E+00 
  1.916461461912123188E+00 
  1.909272826815338941E+00 
  1.901652142801609546E+00 
  1.893638473968311420E+00 
  1.885270884412822534E+00 
  1.876588438232505762E+00 
  1.867630199524743739E+00 
  1.858435232386898450E+00 
  1.849042600916347867E+00 
  1.839491369210469962E+00 
  1.829820601366626498E+00 
  1.820069361482200776E+00 
  1.810276713654555003E+00 
  1.800481721981066485E+00 
  1.790723450559114083E+00 
  1.781040963486058670E+00 
  1.771473324859284215E+00 
  1.762059598776152480E+00 
  1.752838849334041216E+00 
  1.743850140630328616E+00 
  1.735132536762376665E+00 
  1.726725101827567777E+00 
  1.718666899923265268E+00 
  1.710996995146846444E+00 
  1.703754451595687947E+00 
  1.696978333367154201E+00 
  1.690707704558625402E+00 
  1.684981629267467085E+00 
  1.679839171591055447E+00 
  1.675319395626765795E+00 
  1.671461365471965221E+00 
  1.668304145224030810E+00 
  1.665886798980331651E+00 
  1.664248390838242386E+00 
  1.663427984895135880E+00 
  1.664233538934986489E+00 
  1.670279990919181445E+00 
  1.681259085829221345E+00 
  1.696271526869143731E+00 
  1.714418017242976378E+00 
  1.734799260154780365E+00 
  1.756515958808572586E+00 
  1.778668816408418119E+00 
  1.800358536158343625E+00 
  1.820685821262377990E+00 
  1.838751374924583848E+00 
  1.853655900348981422E+00 
  1.864500100739627131E+00 
  1.870384679300551412E+00 
  1.871071423774374187E+00 
  1.870157432791844210E+00 
  1.868408124130023440E+00 
  1.865915747118483958E+00 
  1.862772551086800288E+00 
  1.859070785364548728E+00 
  1.854902699281299139E+00 
  1.850360542166630040E+00 
  1.845536563350110182E+00 
  1.840523012161315419E+00 
  1.835412137929823606E+00 
  1.830296189985202160E+00 
  1.825267417657030933E+00 
  1.820418070274878009E+00 
  1.815840397168320353E+00 
  1.811626647666934264E+00 
  1.807869071100288494E+00 
  1.804659916797961783E+00 
  1.802091434089523769E+00 
  1.800255872304550309E+00 
  1.799245480772616368E+00 
  1.799141625832089142E+00 
  1.799887581357180188E+00 
  1.801412101826300516E+00 
  1.803659555589286700E+00 
  1.806574310995974431E+00 
  1.810100736396204057E+00 
  1.814183200139808605E+00 
  1.818766070576629978E+00 
  1.823793716056503200E+00 
  1.829210504929262182E+00 
  1.834960805544750606E+00 
  1.840988986252798609E+00 
  1.847239415403250540E+00 
  1.853656461345940087E+00 
  1.860184492430700942E+00 
  1.866767877007377452E+00 
  1.873350983425799310E+00 
  1.879878180035811308E+00 
  1.886293835187246914E+00 
  1.892542317229939375E+00 
  1.898567994513733703E+00 
  1.904315235388459593E+00 
  1.909728408203961170E+00 
  1.914751881310071902E+00 
  1.919330023056626811E+00 
  1.923407201793468024E+00 
  1.926927785870428345E+00 
  1.929836143637348789E+00 
  1.932076643444064379E+00 
  1.933593653640411691E+00 
  1.934331542576229745E+00 
  1.933362780522998259E+00 
  1.927831365508017480E+00 
  1.918809065385623125E+00 
  1.907762638604315830E+00 
  1.896158843612575362E+00 
  1.885464438858906577E+00 
  1.877146182791789464E+00 
  1.872670833859723993E+00 
  1.873057416099366934E+00 
  1.877026464824464114E+00 
  1.883480022407661769E+00 
  1.891418286491581613E+00 
  1.899841454718833589E+00 
  1.907749724732026753E+00 
  1.914143294173784815E+00 
  1.918022360686714611E+00 
  1.918131169498003441E+00 
  1.912029368647266914E+00 
  1.900808782103692085E+00 
  1.886307393958054135E+00 
  1.870363188301156665E+00 
  1.854814149223769526E+00 
  1.841498260816691213E+00 
  1.832253507170714002E+00 
  1.828917043929122688E+00 
  1.831782745989442462E+00 
  1.839104163869307085E+00 
  1.849495382850351310E+00 
  1.861570488214202124E+00 
  1.873943565242507825E+00 
  1.885228699216890735E+00 
  1.894039975418998045E+00 
  1.898991479130457627E+00 
  1.898889066332188236E+00 
  1.894035976820402034E+00 
  1.884905632055570379E+00 
  1.871895177372227881E+00 
  1.855401758104924026E+00 
  1.835822519588215851E+00 
  1.813554607156626419E+00 
  1.788995166144725868E+00 
  1.762541341887031043E+00 
  1.734590279718100980E+00 
  1.705539124972497378E+00 
  1.675785022984732864E+00 
  1.645725119089385347E+00 
  1.615756558620966121E+00 
  1.586276486914037998E+00 
  1.557682049303161342E+00 
  1.530370391122849227E+00 
  1.504738657707677563E+00 
  1.481183994392162084E+00 
  1.460103546510863382E+00 
  1.441894459398336270E+00 
  1.426953878389104702E+00 
  1.415678948817731042E+00 
  1.408466816018747236E+00 
  1.405714625326705880E+00 
  1.408547184711868683E+00 
  1.417600759623510065E+00 
  1.432063238800364235E+00 
  1.451115711679961340E+00 
  1.473939267699808209E+00 
  1.499714996297402569E+00 
  1.527623986910287890E+00 
  1.556847328975946798E+00 
  1.586566111931926537E+00 
  1.615961425215723946E+00 
  1.644214358264836973E+00 
  1.670506000516811751E+00 
  1.694017441409132685E+00 
  1.713929770379340356E+00 
  1.729424076864933824E+00 
  1.739681450303422583E+00 
  1.743882980132332339E+00 
  1.736665826114582423E+00 
  1.712530568998838820E+00 
  1.675143598983330984E+00 
  1.628285718607250798E+00 
  1.575737730409707105E+00 
  1.521280436929917768E+00 
  1.468694640706982746E+00 
  1.421761144280095701E+00 
  1.384260750188438527E+00 
  1.359974260971129834E+00 
  1.352612836864955259E+00 
  1.359059919022126861E+00 
  1.375020027660569522E+00 
  1.399301054198654137E+00 
  1.430710890054795570E+00 
  1.468057426647346286E+00 
  1.510148555394736247E+00 
  1.555792167715332575E+00 
  1.603796155027494397E+00 
  1.652968408749663665E+00 
  1.702116820300172417E+00 
  1.750049281097464604E+00 
  1.795573682559898243E+00 
  1.837497916105838236E+00 
  1.874629873153719428E+00 
  1.905777445121887403E+00 
  1.929748523428765461E+00 
  1.945350999492720723E+00 
  1.951392764732139629E+00 
  1.941837092437117995E+00 
  1.912435191756706843E+00 
  1.867664554044652814E+00 
  1.812045396074977832E+00 
  1.750097934621727580E+00 
  1.686342386458840048E+00 
  1.625298968360391783E+00 
  1.571487897100321218E+00 
  1.529429389452674704E+00 
  1.503643662191471053E+00 
  1.498287562285369079E+00 
  1.509399802304075555E+00 
  1.532480354810777046E+00 
  1.564806054279192615E+00 
  1.603653735183020235E+00 
  1.646300231996026042E+00 
  1.690022379191886692E+00 
  1.732097011244374096E+00 
  1.769800962627184893E+00 
  1.800411067814025490E+00 
  1.821204161278653144E+00 
  1.829457077494768491E+00 
  1.826382816220903260E+00 
  1.816629302375616817E+00 
  1.801080825478221348E+00 
  1.780602305387224416E+00 
  1.756058661961173772E+00 
  1.728314815058566323E+00 
  1.698235684537940715E+00 
  1.666686190257840705E+00 
  1.634531252076755203E+00 
  1.602635789853245063E+00 
  1.571864723445799861E+00 
  1.543082972712962908E+00 
  1.517155457513273520E+00 
  1.494947097705227490E+00 
  1.477322813147374125E+00 
  1.465147523698218990E+00 
  1.459286149216298289E+00 
  1.460276989888140697E+00 
  1.467192083556313920E+00 
  1.479246512416916293E+00 
  1.495705560931371858E+00 
  1.515834513561084673E+00 
  1.538898654767450802E+00 
  1.564163269011906943E+00 
  1.590893640755834060E+00 
  1.618355054460673736E+00 
  1.645812794587820260E+00 
  1.672532145598668585E+00 
  1.697778391954659405E+00 
  1.720816818117174130E+00 
  1.740912708547649679E+00 
  1.757331347707481450E+00 
  1.769338020058074390E+00 
  1.776198010060851873E+00 
  1.777450628712958114E+00 
  1.776043678638859591E+00 
  1.773044104786614561E+00 
  1.768546481014785288E+00 
  1.762645381181926263E+00 
  1.755435379146604413E+00 
  1.747011048767370678E+00 
  1.737466963902789097E+00 
  1.726897698411425708E+00 
  1.715397826151828120E+00 
  1.703061920982569033E+00 
  1.689984556762194723E+00 
  1.676260307349271228E+00 
  1.661983746602366585E+00 
  1.647249448380024850E+00 
  1.632151986540822275E+00 
  1.616785934943301140E+00 
  1.601245867446029925E+00 
  1.585626357907577555E+00 
  1.570021980186485866E+00 
  1.554527308141332220E+00 
  1.539236915630658897E+00 
  1.524245376513034822E+00 
  1.509647264647027365E+00 
  1.495537153891180138E+00 
  1.482009618104068949E+00 
  1.469159231144237854E+00 
  1.457080566870254890E+00 
  1.445868199140685650E+00 
  1.435616701814077301E+00 
  1.426420648749001430E+00 
  1.418374613804006756E+00 
  1.411573170837659319E+00 
  1.406110893708521381E+00 
  1.402082356275146324E+00 
  1.399582132396098855E+00 
  1.398704795929935463E+00 
  1.399211258101688227E+00 
  1.400714335269737321E+00 
  1.403123720842083921E+00 
  1.406349234877999566E+00 
  1.410300697436761563E+00 
  1.414887928577642562E+00 
  1.420020748359913210E+00 
  1.425608976842853481E+00 
  1.431562434085730917E+00 
  1.437790940147825935E+00 
  1.444204315088409407E+00 
  1.450712378966751759E+00 
  1.457224951842134075E+00 
  1.463651853773822786E+00 
  1.469902904821099421E+00 
  1.475887925043234183E+00 
  1.481516734499497723E+00 
  1.486699153249170458E+00 
  1.491345001351520816E+00 
  1.495364098865827218E+00 
  1.498666265851361645E+00 
  1.501161322367396300E+00 
  1.502759088473208049E+00 
  1.503369384228069316E+00 
  1.503046588315237742E+00 
  1.501985220741496541E+00 
  1.500240518053893579E+00 
  1.497866777837954411E+00 
  1.494918297679209473E+00 
  1.491449375163182323E+00 
  1.487514307875402286E+00 
  1.483167393401399359E+00 
  1.478462929326695763E+00 
  1.473455213236824601E+00 
  1.468198542717306987E+00 
  1.462747215353673802E+00 
  1.457155528731455485E+00 
  1.451477780436172926E+00 
  1.445768268053360117E+00 
  1.440081289168537726E+00 
  1.434471141367237079E+00 
  1.428992122234987949E+00 
  1.423698529357312115E+00 
  1.418644660319742457E+00 
  1.413884812707800753E+00 
  1.409473284107017887E+00 
  1.405464372102922965E+00 
  1.401912374281039098E+00 
  1.398871588226897611E+00 
  1.396396311526022282E+00 
  1.394540841763942884E+00 
  1.393359476526186747E+00 
  1.392906513398280755E+00 
  1.393247414985568700E+00 
  1.394229677956309699E+00 
  1.395542272226069525E+00 
  1.396873564493885889E+00 
  1.397911921458800055E+00 
  1.398345709819849292E+00 
  1.398090395272020059E+00 
  1.397322476868543717E+00 
  1.396090279577702375E+00 
  1.394441965109802117E+00 
  1.392425695175152800E+00 
  1.390089631484059174E+00 
  1.387481935746830652E+00 
  1.384650769673775983E+00 
  1.381644294975200138E+00 
  1.378510673361413641E+00 
  1.375298066542720798E+00 
  1.372054636229431246E+00 
  1.368828544131854175E+00 
  1.365667951960293669E+00 
  1.362621021425060919E+00 
  1.359735914236460452E+00 
  1.357060792104801017E+00 
  1.354643816740392248E+00 
  1.352533149853538674E+00 
  1.350776953154550375E+00 
  1.349423388353732989E+00 
  1.348520617161395485E+00 
  1.348116801287845501E+00 
  1.348810954262408490E+00 
  1.351818263752658345E+00 
  1.356900085643165665E+00 
  1.363752906781002361E+00 
  1.372073214013235898E+00 
  1.381557494186949064E+00 
  1.391902234149204221E+00 
  1.402803920747086153E+00 
  1.413959040827662328E+00 
  1.425064081237999103E+00 
  1.435815528825182152E+00 
  1.445909870436272726E+00 
  1.455043592918355166E+00 
  1.462913183118496274E+00 
  1.469215127883766181E+00 
  1.473645914061244566E+00 
  1.475902028498000451E+00 
  1.475944692862105612E+00 
  1.474822636275714194E+00 
  1.472795429579050852E+00 
  1.469996674264404168E+00 
  1.466559971824068942E+00 
  1.462618923750332200E+00 
  1.458307131535487411E+00 
  1.453758196671828040E+00 
  1.449105720651640450E+00 
  1.444483304967220993E+00 
  1.440024551110855811E+00 
  1.435863060574838590E+00 
  1.432132434851462799E+00 
  1.428966275433015687E+00 
  1.426498183811791609E+00 
  1.424861761480078926E+00 
  1.424190609930171103E+00 
  1.424934984786567993E+00 
  1.427443346579787775E+00 
  1.431346275015026093E+00 
  1.436265838752986523E+00 
  1.441824106454365984E+00 
  1.447643146779859613E+00 
  1.453345028390173210E+00 
  1.458551819945999251E+00 
  1.462885590108043088E+00 
  1.465968407537000084E+00 
  1.467422340893568267E+00 
  1.467006080611367835E+00 
  1.465031401699549374E+00 
  1.461825256921752247E+00 
  1.457706678885743345E+00 
  1.452994700199292444E+00 
  1.448008353470159770E+00 
  1.443066671306117321E+00 
  1.438488686314925324E+00 
  1.434593431104353334E+00 
  1.431699938282168905E+00 
  1.430127240456134929E+00 
  1.430273801793322752E+00 
  1.432643695113624993E+00 
  1.437029340371801300E+00 
  1.443138175602989293E+00 
  1.450677638842337913E+00 
  1.459355168124980340E+00 
  1.468878201486068180E+00 
  1.478954176960738165E+00 
  1.489290532584126359E+00 
  1.499594706391385923E+00 
  1.509574136417646928E+00 
  1.518936260698062535E+00 
  1.527388517267768808E+00 
  1.534638344161903145E+00 
