   571 
  0.000000000000000000E+00 
  9.999999999999431566E-02 
  1.999999999999886313E-01 
  2.999999999999971578E-01 
  3.999999999999914735E-01 
  5.000000000000000000E-01 
  5.999999999999943157E-01 
  6.999999999999886313E-01 
  7.999999999999971578E-01 
  8.999999999999914735E-01 
  1.000000000000000000E+00 
  1.099999999999994316E+00 
  1.199999999999988631E+00 
  1.299999999999997158E+00 
  1.399999999999991473E+00 
  1.500000000000000000E+00 
  1.599999999999994316E+00 
  1.699999999999988631E+00 
  1.799999999999997158E+00 
  1.899999999999991473E+00 
  2.000000000000000000E+00 
  2.099999999999994316E+00 
  2.199999999999988631E+00 
  2.299999999999997158E+00 
  2.399999999999991473E+00 
  2.500000000000000000E+00 
  2.599999999999994316E+00 
  2.699999999999988631E+00 
  2.799999999999997158E+00 
  2.899999999999991473E+00 
  3.000000000000000000E+00 
  3.099999999999994316E+00 
  3.199999999999988631E+00 
  3.299999999999997158E+00 
  3.399999999999991473E+00 
  3.500000000000000000E+00 
  3.599999999999994316E+00 
  3.699999999999988631E+00 
  3.799999999999997158E+00 
  3.899999999999991473E+00 
  4.000000000000000000E+00 
  4.099999999999994316E+00 
  4.199999999999988631E+00 
  4.299999999999997158E+00 
  4.399999999999991473E+00 
  4.500000000000000000E+00 
  4.599999999999994316E+00 
  4.699999999999988631E+00 
  4.799999999999997158E+00 
  4.899999999999991473E+00 
  5.000000000000000000E+00 
  5.099999999999994316E+00 
  5.199999999999988631E+00 
  5.299999999999997158E+00 
  5.399999999999991473E+00 
  5.500000000000000000E+00 
  5.599999999999994316E+00 
  5.699999999999988631E+00 
  5.799999999999997158E+00 
  5.899999999999991473E+00 
  6.000000000000000000E+00 
  6.099999999999994316E+00 
  6.199999999999988631E+00 
  6.299999999999997158E+00 
  6.399999999999991473E+00 
  6.500000000000000000E+00 
  6.599999999999994316E+00 
  6.699999999999988631E+00 
  6.799999999999997158E+00 
  6.899999999999991473E+00 
  7.000000000000000000E+00 
  7.099999999999994316E+00 
  7.199999999999988631E+00 
  7.299999999999997158E+00 
  7.399999999999991473E+00 
  7.500000000000000000E+00 
  7.599999999999994316E+00 
  7.699999999999988631E+00 
  7.799999999999997158E+00 
  7.899999999999991473E+00 
  8.000000000000000000E+00 
  8.099999999999994316E+00 
  8.199999999999988631E+00 
  8.299999999999997158E+00 
  8.399999999999991473E+00 
  8.500000000000000000E+00 
  8.599999999999994316E+00 
  8.699999999999988631E+00 
  8.799999999999997158E+00 
  8.899999999999991473E+00 
  9.000000000000000000E+00 
  9.099999999999994316E+00 
  9.199999999999988631E+00 
  9.299999999999997158E+00 
  9.399999999999991473E+00 
  9.500000000000000000E+00 
  9.599999999999994316E+00 
  9.699999999999988631E+00 
  9.799999999999997158E+00 
  9.899999999999991473E+00 
  1.000000000000000000E+01 
  1.009999999999999432E+01 
  1.019999999999998863E+01 
  1.029999999999999716E+01 
  1.039999999999999147E+01 
  1.050000000000000000E+01 
  1.059999999999999432E+01 
  1.069999999999998863E+01 
  1.079999999999999716E+01 
  1.089999999999999147E+01 
  1.100000000000000000E+01 
  1.109999999999999432E+01 
  1.119999999999998863E+01 
  1.129999999999999716E+01 
  1.139999999999999147E+01 
  1.150000000000000000E+01 
  1.159999999999999432E+01 
  1.169999999999998863E+01 
  1.179999999999999716E+01 
  1.189999999999999147E+01 
  1.200000000000000000E+01 
  1.209999999999999432E+01 
  1.219999999999998863E+01 
  1.229999999999999716E+01 
  1.239999999999999147E+01 
  1.250000000000000000E+01 
  1.259999999999999432E+01 
  1.269999999999998863E+01 
  1.279999999999999716E+01 
  1.289999999999999147E+01 
  1.300000000000000000E+01 
  1.309999999999999432E+01 
  1.319999999999998863E+01 
  1.329999999999999716E+01 
  1.339999999999999147E+01 
  1.350000000000000000E+01 
  1.359999999999999432E+01 
  1.369999999999998863E+01 
  1.379999999999999716E+01 
  1.389999999999999147E+01 
  1.400000000000000000E+01 
  1.409999999999999432E+01 
  1.419999999999998863E+01 
  1.429999999999999716E+01 
  1.439999999999999147E+01 
  1.450000000000000000E+01 
  1.459999999999999432E+01 
  1.469999999999998863E+01 
  1.479999999999999716E+01 
  1.489999999999999147E+01 
  1.500000000000000000E+01 
  1.509999999999999432E+01 
  1.519999999999998863E+01 
  1.529999999999999716E+01 
  1.539999999999999147E+01 
  1.550000000000000000E+01 
  1.559999999999999432E+01 
  1.569999999999998863E+01 
  1.579999999999999716E+01 
  1.589999999999999147E+01 
  1.600000000000000000E+01 
  1.609999999999999432E+01 
  1.619999999999998863E+01 
  1.629999999999999716E+01 
  1.639999999999999147E+01 
  1.650000000000000000E+01 
  1.659999999999999432E+01 
  1.669999999999998863E+01 
  1.679999999999999716E+01 
  1.689999999999999147E+01 
  1.700000000000000000E+01 
  1.709999999999999432E+01 
  1.719999999999998863E+01 
  1.729999999999999716E+01 
  1.739999999999999147E+01 
  1.750000000000000000E+01 
  1.759999999999999432E+01 
  1.769999999999998863E+01 
  1.779999999999999716E+01 
  1.789999999999999147E+01 
  1.800000000000000000E+01 
  1.809999999999999432E+01 
  1.819999999999998863E+01 
  1.829999999999999716E+01 
  1.839999999999999147E+01 
  1.850000000000000000E+01 
  1.859999999999999432E+01 
  1.869999999999998863E+01 
  1.879999999999999716E+01 
  1.889999999999999147E+01 
  1.900000000000000000E+01 
  1.909999999999999432E+01 
  1.919999999999998863E+01 
  1.929999999999999716E+01 
  1.939999999999999147E+01 
  1.950000000000000000E+01 
  1.959999999999999432E+01 
  1.969999999999998863E+01 
  1.979999999999999716E+01 
  1.989999999999999147E+01 
  2.000000000000000000E+01 
  2.009999999999999432E+01 
  2.019999999999998863E+01 
  2.029999999999999716E+01 
  2.039999999999999147E+01 
  2.050000000000000000E+01 
  2.059999999999999432E+01 
  2.069999999999998863E+01 
  2.079999999999999716E+01 
  2.089999999999999147E+01 
  2.100000000000000000E+01 
  2.109999999999999432E+01 
  2.119999999999998863E+01 
  2.129999999999999716E+01 
  2.139999999999999147E+01 
  2.150000000000000000E+01 
  2.159999999999999432E+01 
  2.169999999999998863E+01 
  2.179999999999999716E+01 
  2.189999999999999147E+01 
  2.200000000000000000E+01 
  2.209999999999999432E+01 
  2.219999999999998863E+01 
  2.229999999999999716E+01 
  2.239999999999999147E+01 
  2.250000000000000000E+01 
  2.259999999999999432E+01 
  2.269999999999998863E+01 
  2.279999999999999716E+01 
  2.289999999999999147E+01 
  2.300000000000000000E+01 
  2.309999999999999432E+01 
  2.319999999999998863E+01 
  2.329999999999999716E+01 
  2.339999999999999147E+01 
  2.350000000000000000E+01 
  2.359999999999999432E+01 
  2.369999999999998863E+01 
  2.379999999999999716E+01 
  2.389999999999999147E+01 
  2.400000000000000000E+01 
  2.409999999999999432E+01 
  2.419999999999998863E+01 
  2.429999999999999716E+01 
  2.439999999999999147E+01 
  2.450000000000000000E+01 
  2.459999999999999432E+01 
  2.469999999999998863E+01 
  2.479999999999999716E+01 
  2.489999999999999147E+01 
  2.500000000000000000E+01 
  2.509999999999999432E+01 
  2.519999999999998863E+01 
  2.529999999999999716E+01 
  2.539999999999999147E+01 
  2.550000000000000000E+01 
  2.559999999999999432E+01 
  2.569999999999998863E+01 
  2.579999999999999716E+01 
  2.589999999999999147E+01 
  2.600000000000000000E+01 
  2.609999999999999432E+01 
  2.619999999999998863E+01 
  2.629999999999999716E+01 
  2.639999999999999147E+01 
  2.650000000000000000E+01 
  2.659999999999999432E+01 
  2.669999999999998863E+01 
  2.679999999999999716E+01 
  2.689999999999999147E+01 
  2.700000000000000000E+01 
  2.709999999999999432E+01 
  2.719999999999998863E+01 
  2.729999999999999716E+01 
  2.739999999999999147E+01 
  2.750000000000000000E+01 
  2.759999999999999432E+01 
  2.769999999999998863E+01 
  2.779999999999999716E+01 
  2.789999999999999147E+01 
  2.800000000000000000E+01 
  2.809999999999999432E+01 
  2.819999999999998863E+01 
  2.829999999999999716E+01 
  2.839999999999999147E+01 
  2.850000000000000000E+01 
  2.859999999999999432E+01 
  2.869999999999998863E+01 
  2.879999999999999716E+01 
  2.889999999999999147E+01 
  2.900000000000000000E+01 
  2.909999999999999432E+01 
  2.919999999999998863E+01 
  2.929999999999999716E+01 
  2.939999999999999147E+01 
  2.949999999999998579E+01 
  2.959999999999998010E+01 
  2.970000000000000284E+01 
  2.979999999999999716E+01 
  2.989999999999999147E+01 
  2.999999999999998579E+01 
  3.009999999999998010E+01 
  3.020000000000000284E+01 
  3.029999999999999716E+01 
  3.039999999999999147E+01 
  3.049999999999998579E+01 
  3.059999999999998010E+01 
  3.070000000000000284E+01 
  3.079999999999999716E+01 
  3.089999999999999147E+01 
  3.099999999999998579E+01 
  3.109999999999998010E+01 
  3.120000000000000284E+01 
  3.129999999999999716E+01 
  3.139999999999999147E+01 
  3.149999999999998579E+01 
  3.159999999999998010E+01 
  3.170000000000000284E+01 
  3.179999999999999716E+01 
  3.189999999999999147E+01 
  3.199999999999998579E+01 
  3.209999999999998010E+01 
  3.220000000000000284E+01 
  3.229999999999999716E+01 
  3.239999999999999147E+01 
  3.249999999999998579E+01 
  3.259999999999998010E+01 
  3.270000000000000284E+01 
  3.279999999999999716E+01 
  3.289999999999999147E+01 
  3.299999999999998579E+01 
  3.309999999999998010E+01 
  3.320000000000000284E+01 
  3.329999999999999716E+01 
  3.339999999999999147E+01 
  3.349999999999998579E+01 
  3.359999999999998010E+01 
  3.370000000000000284E+01 
  3.379999999999999716E+01 
  3.389999999999999147E+01 
  3.399999999999998579E+01 
  3.409999999999998010E+01 
  3.420000000000000284E+01 
  3.429999999999999716E+01 
  3.439999999999999147E+01 
  3.449999999999998579E+01 
  3.459999999999998010E+01 
  3.470000000000000284E+01 
  3.479999999999999716E+01 
  3.489999999999999147E+01 
  3.499999999999998579E+01 
  3.509999999999998010E+01 
  3.520000000000000284E+01 
  3.529999999999999716E+01 
  3.539999999999999147E+01 
  3.549999999999998579E+01 
  3.559999999999998010E+01 
  3.570000000000000284E+01 
  3.579999999999999716E+01 
  3.589999999999999147E+01 
  3.599999999999998579E+01 
  3.609999999999998010E+01 
  3.620000000000000284E+01 
  3.629999999999999716E+01 
  3.639999999999999147E+01 
  3.649999999999998579E+01 
  3.659999999999998010E+01 
  3.670000000000000284E+01 
  3.679999999999999716E+01 
  3.689999999999999147E+01 
  3.699999999999998579E+01 
  3.709999999999998010E+01 
  3.720000000000000284E+01 
  3.729999999999999716E+01 
  3.739999999999999147E+01 
  3.749999999999998579E+01 
  3.759999999999998010E+01 
  3.770000000000000284E+01 
  3.779999999999999716E+01 
  3.789999999999999147E+01 
  3.799999999999998579E+01 
  3.810000000000000853E+01 
  3.820000000000000284E+01 
  3.829999999999999716E+01 
  3.839999999999999147E+01 
  3.849999999999998579E+01 
  3.860000000000000853E+01 
  3.870000000000000284E+01 
  3.879999999999999716E+01 
  3.889999999999999147E+01 
  3.899999999999998579E+01 
  3.910000000000000853E+01 
  3.920000000000000284E+01 
  3.929999999999999716E+01 
  3.939999999999999147E+01 
  3.949999999999998579E+01 
  3.960000000000000853E+01 
  3.970000000000000284E+01 
  3.979999999999999716E+01 
  3.989999999999999147E+01 
  3.999999999999998579E+01 
  4.010000000000000853E+01 
  4.020000000000000284E+01 
  4.029999999999999716E+01 
  4.039999999999999147E+01 
  4.049999999999998579E+01 
  4.060000000000000853E+01 
  4.070000000000000284E+01 
  4.079999999999999716E+01 
  4.089999999999999147E+01 
  4.099999999999998579E+01 
  4.110000000000000853E+01 
  4.120000000000000284E+01 
  4.129999999999999716E+01 
  4.139999999999999147E+01 
  4.149999999999998579E+01 
  4.160000000000000853E+01 
  4.170000000000000284E+01 
  4.179999999999999716E+01 
  4.189999999999999147E+01 
  4.199999999999998579E+01 
  4.210000000000000853E+01 
  4.220000000000000284E+01 
  4.229999999999999716E+01 
  4.239999999999999147E+01 
  4.249999999999998579E+01 
  4.260000000000000853E+01 
  4.270000000000000284E+01 
  4.279999999999999716E+01 
  4.289999999999999147E+01 
  4.299999999999998579E+01 
  4.310000000000000853E+01 
  4.320000000000000284E+01 
  4.329999999999999716E+01 
  4.339999999999999147E+01 
  4.349999999999998579E+01 
  4.360000000000000853E+01 
  4.370000000000000284E+01 
  4.379999999999999716E+01 
  4.389999999999999147E+01 
  4.399999999999998579E+01 
  4.410000000000000853E+01 
  4.420000000000000284E+01 
  4.429999999999999716E+01 
  4.439999999999999147E+01 
  4.449999999999998579E+01 
  4.460000000000000853E+01 
  4.470000000000000284E+01 
  4.479999999999999716E+01 
  4.489999999999999147E+01 
  4.499999999999998579E+01 
  4.510000000000000853E+01 
  4.520000000000000284E+01 
  4.529999999999999716E+01 
  4.539999999999999147E+01 
  4.549999999999998579E+01 
  4.560000000000000853E+01 
  4.570000000000000284E+01 
  4.579999999999999716E+01 
  4.589999999999999147E+01 
  4.599999999999998579E+01 
  4.610000000000000853E+01 
  4.620000000000000284E+01 
  4.629999999999999716E+01 
  4.639999999999999147E+01 
  4.649999999999998579E+01 
  4.660000000000000853E+01 
  4.670000000000000284E+01 
  4.679999999999999716E+01 
  4.689999999999999147E+01 
  4.699999999999998579E+01 
  4.710000000000000853E+01 
  4.720000000000000284E+01 
  4.729999999999999716E+01 
  4.739999999999999147E+01 
  4.749999999999998579E+01 
  4.760000000000000853E+01 
  4.770000000000000284E+01 
  4.779999999999999716E+01 
  4.789999999999999147E+01 
  4.799999999999998579E+01 
  4.810000000000000853E+01 
  4.820000000000000284E+01 
  4.829999999999999716E+01 
  4.839999999999999147E+01 
  4.849999999999998579E+01 
  4.860000000000000853E+01 
  4.870000000000000284E+01 
  4.879999999999999716E+01 
  4.889999999999999147E+01 
  4.899999999999998579E+01 
  4.910000000000000853E+01 
  4.920000000000000284E+01 
  4.929999999999999716E+01 
  4.939999999999999147E+01 
  4.949999999999998579E+01 
  4.960000000000000853E+01 
  4.970000000000000284E+01 
  4.979999999999999716E+01 
  4.989999999999999147E+01 
  4.999999999999998579E+01 
  5.010000000000000853E+01 
  5.020000000000000284E+01 
  5.029999999999999716E+01 
  5.039999999999999147E+01 
  5.049999999999998579E+01 
  5.060000000000000853E+01 
  5.070000000000000284E+01 
  5.079999999999999716E+01 
  5.089999999999999147E+01 
  5.099999999999998579E+01 
  5.110000000000000853E+01 
  5.120000000000000284E+01 
  5.129999999999999716E+01 
  5.139999999999999147E+01 
  5.149999999999998579E+01 
  5.160000000000000853E+01 
  5.170000000000000284E+01 
  5.179999999999999716E+01 
  5.189999999999999147E+01 
  5.199999999999998579E+01 
  5.210000000000000853E+01 
  5.220000000000000284E+01 
  5.229999999999999716E+01 
  5.239999999999999147E+01 
  5.249999999999998579E+01 
  5.260000000000000853E+01 
  5.270000000000000284E+01 
  5.279999999999999716E+01 
  5.289999999999999147E+01 
  5.299999999999998579E+01 
  5.310000000000000853E+01 
  5.320000000000000284E+01 
  5.329999999999999716E+01 
  5.339999999999999147E+01 
  5.349999999999998579E+01 
  5.360000000000000853E+01 
  5.370000000000000284E+01 
  5.379999999999999716E+01 
  5.389999999999999147E+01 
  5.399999999999998579E+01 
  5.410000000000000853E+01 
  5.420000000000000284E+01 
  5.429999999999999716E+01 
  5.439999999999999147E+01 
  5.449999999999998579E+01 
  5.460000000000000853E+01 
  5.470000000000000284E+01 
  5.479999999999999716E+01 
  5.489999999999999147E+01 
  5.499999999999998579E+01 
  5.510000000000000853E+01 
  5.520000000000000284E+01 
  5.529999999999999716E+01 
  5.539999999999999147E+01 
  5.549999999999998579E+01 
  5.560000000000000853E+01 
  5.570000000000000284E+01 
  5.579999999999999716E+01 
  5.589999999999999147E+01 
  5.599999999999998579E+01 
  5.610000000000000853E+01 
  5.620000000000000284E+01 
  5.629999999999999716E+01 
  5.639999999999999147E+01 
  5.649999999999998579E+01 
  5.660000000000000853E+01 
  5.670000000000000284E+01 
  5.679999999999999716E+01 
  5.689999999999999147E+01 
  5.699999999999998579E+01 
