    22 
  5.000000000000000000E+00 
  5.000000000000000000E-01 
  5.000000000000000000E+00 
  1.000000000000000000E+00 
  5.000000000000000000E+00 
  2.440131661732833634E-01 
  6.000000000000000000E+00 
  2.242216283998140725E+01 
  5.000000000000000000E-01 
  4.000000000000000777E-02 
  9.000000000000001776E+00 
  1.000000000000000000E+00 
  9.000000000000001776E+00 
  1.885366670424652398E+02 
  3.576612171570122678E-01 
  4.483507025970523863E+00 
  6.052220997845991768E-02 
  1.100200000000000387E+02 
  9.587571182966392325E-01 
  8.111586897530528861E-02 
  1.602981276131612565E-01 
  2.999999999999999556E+00 
