   747 
  1.250220358060668246E+02 
  1.249288991080512545E+02 
  1.248256180617723601E+02 
  1.247138414328342009E+02 
  1.245952179868409218E+02 
  1.244713964893966249E+02 
  1.243438204167054266E+02 
  1.241550182655702343E+02 
  1.238760003696649932E+02 
  1.235315747989492792E+02 
  1.231465496233826258E+02 
  1.227457329129246233E+02 
  1.223539327375348336E+02 
  1.219959571671727616E+02 
  1.216966142717979977E+02 
  1.214807121213701180E+02 
  1.213730587858486558E+02 
  1.213739238072050171E+02 
  1.214147190201696844E+02 
  1.214835434062495523E+02 
  1.215738802778478487E+02 
  1.216792129473677875E+02 
  1.217930247272125683E+02 
  1.219087989297854477E+02 
  1.220200188674896253E+02 
  1.221201678527283150E+02 
  1.222119386890414887E+02 
  1.223159682025798105E+02 
  1.224283817208501119E+02 
  1.225436275064233484E+02 
  1.226561538218704470E+02 
  1.227604089297623489E+02 
  1.228508410926700236E+02 
  1.229218985731644125E+02 
  1.229680296338164425E+02 
  1.229836908724901008E+02 
  1.229705297428194513E+02 
  1.229352589443600863E+02 
  1.228811444478659922E+02 
  1.228114522240911413E+02 
  1.227294482437895198E+02 
  1.226383984777150999E+02 
  1.225415688966218681E+02 
  1.224422254712637823E+02 
  1.223436341723948289E+02 
  1.222476451260028512E+02 
  1.221261214382054590E+02 
  1.219756949815982665E+02 
  1.218080010967983497E+02 
  1.216346751244228415E+02 
  1.214673524050888602E+02 
  1.213176682794135104E+02 
  1.211972580880139105E+02 
  1.211177571715071650E+02 
  1.210907501659674779E+02 
  1.211030961297083053E+02 
  1.211362541245275111E+02 
  1.211878856542663669E+02 
  1.212556522227661162E+02 
  1.213372153338680164E+02 
  1.214302364914133534E+02 
  1.215323771992433564E+02 
  1.216412989611992970E+02 
  1.217588547752180972E+02 
  1.219618089255281177E+02 
  1.222585572824951043E+02 
  1.226212101624197572E+02 
  1.230218778816027623E+02 
  1.234326707563449190E+02 
  1.238256991029468850E+02 
  1.241730732377093886E+02 
  1.244469034769331444E+02 
  1.246193001369188664E+02 
  1.246653106987856887E+02 
  1.246607496930100183E+02 
  1.246499504583367752E+02 
  1.246332640409358987E+02 
  1.246110414869772853E+02 
  1.245836338426308885E+02 
  1.245513921540666189E+02 
  1.245146674674544300E+02 
  1.244738108289642327E+02 
  1.244291732847659517E+02 
  1.243808391129778101E+02 
  1.242723828349463275E+02 
  1.240783923697937183E+02 
  1.238241345272028724E+02 
  1.235348761168566796E+02 
  1.232358839484379587E+02 
  1.229524248316296280E+02 
  1.227097655761145347E+02 
  1.225331729915755830E+02 
  1.224479138876956199E+02 
  1.224635067793877852E+02 
  1.225466959929188135E+02 
  1.226841678979791794E+02 
  1.228641354831114683E+02 
  1.230748117368582371E+02 
  1.233044096477621139E+02 
  1.235411422043656700E+02 
  1.237732223952114765E+02 
  1.240085379809208206E+02 
  1.243198608459263284E+02 
  1.246858452488344255E+02 
  1.250722755922306959E+02 
  1.254449362787008511E+02 
  1.257696117108303895E+02 
  1.260120862912050512E+02 
  1.261381444224103916E+02 
  1.260997879017879768E+02 
  1.258565949345481130E+02 
  1.254637289634097499E+02 
  1.249827838171376015E+02 
  1.244753533244966519E+02 
  1.240030313142516434E+02 
  1.236274116151673752E+02 
  1.234100880560088029E+02 
  1.234094288697975514E+02 
  1.236230341800478527E+02 
  1.239951918855354478E+02 
  1.244684554662469083E+02 
  1.249853784021685641E+02 
  1.254885141732870579E+02 
  1.259204162595887055E+02 
  1.262236381410600785E+02 
  1.263407332976876489E+02 
  1.261197005745092667E+02 
  1.255188935599464486E+02 
  1.246615808617487886E+02 
  1.236710825201253101E+02 
  1.226707185752849654E+02 
  1.217838090674371330E+02 
  1.211336740367906941E+02 
  1.208436335235549421E+02 
  1.210403876622719963E+02 
  1.217133855829856088E+02 
  1.227448198779078439E+02 
  1.240160030059102496E+02 
  1.254082474258637632E+02 
  1.268028655966398475E+02 
  1.280811699771099654E+02 
  1.291244730261450400E+02 
  1.298140872026166335E+02 
  1.300342229370953646E+02 
  1.300320966577073989E+02 
  1.300264555162877969E+02 
  1.300173391223476358E+02 
  1.300047870853979646E+02 
  1.299888390149497752E+02 
  1.299695345205141450E+02 
  1.299469132116021228E+02 
  1.299210146977247575E+02 
  1.298918785883930411E+02 
  1.298595444931180793E+02 
  1.297895490509966407E+02 
  1.295395452599319128E+02 
  1.291404159048055647E+02 
  1.286460826685659811E+02 
  1.281104672341617743E+02 
  1.275874912845412865E+02 
  1.271310765026531158E+02 
  1.267951445714456327E+02 
  1.266336171738673073E+02 
  1.267706544863676896E+02 
  1.273298482300136811E+02 
  1.281873929679851187E+02 
  1.292106882583596246E+02 
  1.302671336592148918E+02 
  1.312241287286281590E+02 
  1.319490730246772330E+02 
  1.323093661054394374E+02 
  1.323015545330013936E+02 
  1.321940753161975124E+02 
  1.320161387542451621E+02 
  1.317826744078062120E+02 
  1.315086118375426736E+02 
  1.312088806041164730E+02 
  1.308984102681894797E+02 
  1.305921303904237334E+02 
  1.303049705314810751E+02 
  1.300518602520235447E+02 
  1.298477291127130684E+02 
  1.296863501478684952E+02 
  1.295222227370864232E+02 
  1.293573230713253110E+02 
  1.291963978034330012E+02 
  1.290441935862572223E+02 
  1.289054570726458167E+02 
  1.287849349154465131E+02 
  1.286873737675071538E+02 
  1.286175202816754677E+02 
  1.285801211107992970E+02 
  1.285763303449828072E+02 
  1.285859428158718742E+02 
  1.286033222673426621E+02 
  1.286264301218147068E+02 
  1.286532278017074304E+02 
  1.286816767294403974E+02 
  1.287097383274330582E+02 
  1.287353740181049204E+02 
  1.287565452238754631E+02 
  1.287712133671641936E+02 
  1.287773398703905912E+02 
  1.287729189411819561E+02 
  1.287577221632916462E+02 
  1.287326628603283609E+02 
  1.286986598190971165E+02 
  1.286566318264028439E+02 
  1.286074976690505309E+02 
  1.285521761338451654E+02 
  1.284915860075917635E+02 
  1.284266460770952563E+02 
  1.283579938637594751E+02 
  1.282707036681617296E+02 
  1.281560394995024694E+02 
  1.280142118170955712E+02 
  1.278454310802548974E+02 
  1.276499077482942539E+02 
  1.274278522805275458E+02 
  1.271794751362685787E+02 
  1.269049867748312579E+02 
  1.266045976555294033E+02 
  1.261627588660400789E+02 
  1.253886578802919871E+02 
  1.243945403807358190E+02 
  1.233028470368766278E+02 
  1.222360185182190691E+02 
  1.213164954942677696E+02 
  1.206667186345278111E+02 
  1.204091286085037922E+02 
  1.205447699214771689E+02 
  1.209402689202365053E+02 
  1.215398916780773533E+02 
  1.222880675558422610E+02 
  1.231292259143741177E+02 
  1.240077961145154006E+02 
  1.248682075171089423E+02 
  1.256635566773941122E+02 
  1.265770730161294182E+02 
  1.276558588744436804E+02 
  1.288373596356917972E+02 
  1.300590206832291074E+02 
  1.312582874004110636E+02 
  1.323726051705924647E+02 
  1.333394193771288769E+02 
  1.340961754033752129E+02 
  1.345803186326868399E+02 
  1.347311839601470922E+02 
  1.347219128559003423E+02 
  1.346976192672655941E+02 
  1.346588909059094874E+02 
  1.346063154834988040E+02 
  1.345404807117002122E+02 
  1.344619743021804652E+02 
  1.343713839666062597E+02 
  1.342692974166443207E+02 
  1.341563023639613732E+02 
  1.340329865202241137E+02 
  1.338491480791261665E+02 
  1.334564601629920162E+02 
  1.328733092194178198E+02 
  1.321309596598952680E+02 
  1.312606758959159379E+02 
  1.302937223389718042E+02 
  1.292613634005543588E+02 
  1.281948634921555765E+02 
  1.271254870252670770E+02 
  1.260844984113804088E+02 
  1.250216261205042230E+02 
  1.236572422207587181E+02 
  1.220954975035707264E+02 
  1.204868010845782038E+02 
  1.189815620794191489E+02 
  1.177301896037321569E+02 
  1.168830927731550844E+02 
  1.165915684844340205E+02 
  1.172912556217313949E+02 
  1.189739642325116904E+02 
  1.212261940085221852E+02 
  1.236344446415112373E+02 
  1.257852158232258972E+02 
  1.272650072454143384E+02 
  1.277802941099412237E+02 
  1.280315648347113893E+02 
  1.282242278623515404E+02 
  1.283762380406979844E+02 
  1.285055502175870004E+02 
  1.286301192408549809E+02 
  1.287678999583381483E+02 
  1.289368472178728666E+02 
  1.291348256017906238E+02 
  1.293295078710756911E+02 
  1.295236545212250689E+02 
  1.297213436671258080E+02 
  1.299266534236651012E+02 
  1.301436619057299424E+02 
  1.303764472282074962E+02 
  1.306290875059848418E+02 
  1.309056608539490867E+02 
  1.312102453869873386E+02 
  1.315469192199866484E+02 
  1.319349387564963081E+02 
  1.325382770054970933E+02 
  1.333509732470680831E+02 
  1.343099911799862696E+02 
  1.353522945030281335E+02 
  1.364148469149705249E+02 
  1.374346121145903510E+02 
  1.383485538006640638E+02 
  1.390936356719686842E+02 
  1.396068214272807211E+02 
  1.398318794616081391E+02 
  1.399452365768395055E+02 
  1.400482229748669738E+02 
  1.401399195523229935E+02 
  1.402194072058399570E+02 
  1.402857668320503421E+02 
  1.403380793275865983E+02 
  1.403754255890811464E+02 
  1.403968865131664359E+02 
  1.403851564227779818E+02 
  1.399577896270759538E+02 
  1.390658666013474942E+02 
  1.378590028786125572E+02 
  1.364868139918906138E+02 
  1.350989154742017888E+02 
  1.338449228585656385E+02 
  1.328744516780017761E+02 
  1.323371174655302696E+02 
  1.322981639493231967E+02 
  1.324313139855468933E+02 
  1.326569037258608148E+02 
  1.329414479462731720E+02 
  1.332514614227919196E+02 
  1.335534589314252969E+02 
  1.338139552481813155E+02 
  1.340025767794963087E+02 
  1.341397716320044537E+02 
  1.342500639798629720E+02 
  1.343498761447830248E+02 
  1.344556304484758016E+02 
  1.345837492126524921E+02 
  1.347506547590243429E+02 
  1.349855321188279049E+02 
  1.356707083962280649E+02 
  1.368211020244308145E+02 
  1.382228660256186004E+02 
  1.396621534219739260E+02 
  1.409251172356787549E+02 
  1.417979104889157043E+02 
  1.420637547409870933E+02 
  1.414105922221164349E+02 
  1.399633735302179218E+02 
  1.380462032257113947E+02 
  1.359831858690158413E+02 
  1.340984260205513010E+02 
  1.327160282407368754E+02 
  1.321600970899919503E+02 
  1.325576800995534654E+02 
  1.336231386853307015E+02 
  1.350804334159347206E+02 
  1.366536233443044637E+02 
  1.380667675233788998E+02 
  1.390439250060963730E+02 
  1.393211735441077508E+02 
  1.391430777369871805E+02 
  1.387732793288584503E+02 
  1.382964152296588622E+02 
  1.377971223493259174E+02 
  1.373600375977969179E+02 
  1.370697978850093079E+02 
  1.370127091624533193E+02 
  1.372544389180686153E+02 
  1.377272498110331469E+02 
  1.383369145193974816E+02 
  1.389892057212118743E+02 
  1.395898960945268641E+02 
  1.400447583173929047E+02 
  1.403128491288540545E+02 
  1.405545351304917574E+02 
  1.407803401073810505E+02 
  1.409793271164817838E+02 
  1.411405592147539494E+02 
  1.412530994591573119E+02 
  1.413060109066518351E+02 
  1.410800024701528628E+02 
  1.401663831568062335E+02 
  1.388175286710149692E+02 
  1.373179064457496850E+02 
  1.359519839139802571E+02 
  1.350042285086772722E+02 
  1.347400059710051039E+02 
  1.347950521455547630E+02 
  1.349196186669142605E+02 
  1.351036473533520734E+02 
  1.353370800231365934E+02 
  1.356098584945362973E+02 
  1.359119245858196905E+02 
  1.364507284129022366E+02 
  1.374354688473076180E+02 
  1.386331920163899838E+02 
  1.398054442263699855E+02 
  1.407137717834682462E+02 
  1.411197209939050765E+02 
  1.406919320457921003E+02 
  1.394226952049927206E+02 
  1.376798533239961557E+02 
  1.358334103404561688E+02 
  1.342533701920274041E+02 
  1.333097368163635110E+02 
  1.334448931866461976E+02 
  1.349931618597578904E+02 
  1.373831918647987607E+02 
  1.399547782355494405E+02 
  1.420477160057918411E+02 
  1.430018002093066514E+02 
  1.427677085522287541E+02 
  1.420809872752263914E+02 
  1.411697840177874070E+02 
  1.402574639345750143E+02 
  1.395673921802527957E+02 
  1.393214019616777364E+02 
  1.394159571940521971E+02 
  1.396407433789801189E+02 
  1.399500948316981805E+02 
  1.402983458674429187E+02 
  1.406398308014510405E+02 
  1.409375572508889150E+02 
  1.412357517165008858E+02 
  1.415446156294750324E+02 
  1.418587244827163829E+02 
  1.421726537691300791E+02 
  1.424809789816212628E+02 
  1.427775569478565103E+02 
  1.430617636129412062E+02 
  1.433415681840278637E+02 
  1.436252273225648537E+02 
  1.439209976900005188E+02 
  1.442371359477831447E+02 
  1.446166243926214463E+02 
  1.451105964108085686E+02 
  1.456302408774763535E+02 
  1.460801402753780849E+02 
  1.463648770872668479E+02 
  1.461699787079199666E+02 
  1.438133622402604601E+02 
  1.397322097493823776E+02 
  1.348780616577376179E+02 
  1.302024583877801831E+02 
  1.266569403619616025E+02 
  1.249729032853770576E+02 
  1.240145800539647780E+02 
  1.233078939356954180E+02 
  1.226764107822025807E+02 
  1.219436964451194712E+02 
  1.209333167760797068E+02 
  1.191044170399622857E+02 
  1.163876136407530879E+02 
  1.133735966115249170E+02 
  1.106532589191600664E+02 
  1.088174935305423787E+02 
  1.084334443502523584E+02 
  1.094468226768004939E+02 
  1.114920630402016712E+02 
  1.142712810368284977E+02 
  1.174865922630522164E+02 
  1.208401123152452783E+02 
  1.250663664248055937E+02 
  1.307656571552428773E+02 
  1.370839315685435054E+02 
  1.431640438406139140E+02 
  1.481488481473632248E+02 
  1.523314719507503412E+02 
  1.566026083369279149E+02 
  1.605055129078542677E+02 
  1.635772464485397961E+02 
  1.653548697439966020E+02 
  1.655938747968480413E+02 
  1.654329440571662246E+02 
  1.651371212605560856E+02 
  1.647373547024212712E+02 
  1.642645926781653714E+02 
  1.637497834831918908E+02 
  1.632085000563023129E+02 
  1.624807989086299358E+02 
  1.615452868011232397E+02 
  1.604389454159817205E+02 
  1.591987564354047038E+02 
  1.578617015415921401E+02 
  1.564647624167432127E+02 
  1.550449207430578440E+02 
  1.536391582027353877E+02 
  1.522844564779752545E+02 
  1.510177972509773099E+02 
  1.498723584773050277E+02 
  1.486590371594074043E+02 
  1.473308425216252431E+02 
  1.459926902462383680E+02 
  1.447494960155271144E+02 
  1.437061755117711357E+02 
  1.429676444172506535E+02 
  1.426388184142454634E+02 
  1.426988874225537813E+02 
  1.429431875928366935E+02 
  1.433366094278151195E+02 
  1.438486655522661692E+02 
  1.444488685909670949E+02 
  1.451067311686952621E+02 
  1.457917659102276389E+02 
  1.464734854403417046E+02 
  1.471214023838144840E+02 
  1.477466794321898647E+02 
  1.484980320052247293E+02 
  1.493553143435936477E+02 
  1.502761921023481477E+02 
  1.512183309365392461E+02 
  1.521393965012183855E+02 
  1.529970544514370090E+02 
  1.537489704422461330E+02 
  1.543528101286973140E+02 
  1.547662391658416254E+02 
  1.549469232087305102E+02 
  1.545351655163136400E+02 
  1.530388810172044032E+02 
  1.506915151416678782E+02 
  1.477433859415950508E+02 
  1.444448114688758551E+02 
  1.410461097754000548E+02 
  1.377975989130588914E+02 
  1.349495969337417876E+02 
  1.327524218893397858E+02 
  1.314563918317427351E+02 
  1.312592427351765423E+02 
  1.317545939230984686E+02 
  1.326960673009151037E+02 
  1.339528426265637506E+02 
  1.353940996579821388E+02 
  1.368890181531080827E+02 
  1.383067778698787436E+02 
  1.395165585662320780E+02 
  1.403875400001053890E+02 
  1.407923911180571395E+02 
  1.409717329987924188E+02 
  1.411356644007385910E+02 
  1.412829838253335026E+02 
  1.414124897740149720E+02 
  1.415229807482209026E+02 
  1.416132552493891410E+02 
  1.416821117789575339E+02 
  1.417283488383639565E+02 
  1.417507649290461984E+02 
  1.417500108313928138E+02 
  1.417332307775940308E+02 
  1.417017136557694812E+02 
  1.416559707943357580E+02 
  1.415965135217094826E+02 
  1.415238531663072195E+02 
  1.414385010565455900E+02 
  1.413409685208411588E+02 
  1.412317668876105188E+02 
  1.411114074852702913E+02 
  1.409715370880107628E+02 
  1.405126693039729275E+02 
  1.396539811544778047E+02 
  1.384855530116124100E+02 
  1.370974652474643563E+02 
  1.355797982341206307E+02 
  1.340226323436682776E+02 
  1.325160479481949096E+02 
  1.311501254197874005E+02 
  1.300149451305333628E+02 
  1.292005874525197271E+02 
  1.287525696988745949E+02 
  1.283879825851377348E+02 
  1.280441662089301076E+02 
  1.277262028928731468E+02 
  1.274391749595881720E+02 
  1.271881647316964745E+02 
  1.269782545318194593E+02 
  1.268145266825784176E+02 
  1.267020635065947545E+02 
  1.266459473264897468E+02 
  1.267162709481893046E+02 
  1.271669800771745003E+02 
  1.279473332962374741E+02 
  1.289697757341754425E+02 
  1.301467525197859345E+02 
  1.313907087818665786E+02 
  1.326140896492144066E+02 
  1.337293402506272457E+02 
  1.346489057149021562E+02 
  1.352852311708367949E+02 
  1.355507617472285631E+02 
  1.355312469002091404E+02 
  1.354582458181419042E+02 
  1.353432109433598782E+02 
  1.351951420660262215E+02 
  1.350230389763039796E+02 
  1.348359014643563683E+02 
  1.346427293203464330E+02 
  1.344525223344373899E+02 
  1.342742802967923410E+02 
  1.341170029975743603E+02 
  1.339870921687123371E+02 
  1.338763835355365472E+02 
  1.337785744393308676E+02 
  1.336882119246785408E+02 
  1.335998430361629232E+02 
  1.335080148183673430E+02 
  1.334072743158751280E+02 
  1.332921685732695494E+02 
  1.331572446351339920E+02 
  1.329970495460516986E+02 
  1.328061303506060824E+02 
  1.324499147391636598E+02 
  1.318031602087451688E+02 
  1.309281152145460396E+02 
  1.298875952362848807E+02 
  1.287444157536806983E+02 
  1.275613922464519163E+02 
  1.264013401943176120E+02 
  1.253270750769963655E+02 
  1.244014123742067568E+02 
  1.236871675656678065E+02 
  1.232202821873228658E+02 
  1.228100371698501334E+02 
  1.224171985929436062E+02 
  1.220553251477791150E+02 
  1.217379755255326614E+02 
  1.214787084173800338E+02 
  1.212910825144971909E+02 
  1.211886565080600064E+02 
  1.211774484030387669E+02 
  1.212118421593544184E+02 
  1.212793814815882740E+02 
  1.213772035985151518E+02 
  1.215024457389099837E+02 
  1.216522451315476303E+02 
  1.218237390052029525E+02 
  1.220185627111240763E+02 
  1.225869179819122650E+02 
  1.236625393412092961E+02 
  1.251216572481399538E+02 
  1.268405021618284110E+02 
  1.286953045413996790E+02 
  1.305622948459778456E+02 
  1.323177035346876949E+02 
  1.338377610666540534E+02 
  1.349986979010010373E+02 
  1.356768559631946118E+02 
  1.360603124273925744E+02 
  1.364007400370859386E+02 
  1.367027265806553942E+02 
  1.369708598464815168E+02 
  1.372097276229450813E+02 
  1.374239176984266351E+02 
  1.376180178613068961E+02 
  1.377966158999665822E+02 
  1.379642996027862694E+02 
  1.381256567581467039E+02 
  1.382852751544284615E+02 
  1.384483151664204854E+02 
  1.386154782977178002E+02 
  1.387831286851780987E+02 
  1.389475944161731320E+02 
  1.391052035780745655E+02 
  1.392522842582541500E+02 
  1.393851645440835796E+02 
  1.395001725229345197E+02 
  1.395936362821787498E+02 
  1.396618839091879067E+02 
  1.397012434913337415E+02 
  1.397093923118168846E+02 
  1.397052629930395824E+02 
  1.396968238589460611E+02 
  1.396850795284911442E+02 
  1.396710346206296833E+02 
  1.396556937543165020E+02 
  1.396400615485064236E+02 
  1.396251426221542715E+02 
  1.396119415942148692E+02 
  1.396014630836430683E+02 
  1.395947117093936356E+02 
  1.395931744828995704E+02 
  1.396353189859371753E+02 
  1.397351294601010920E+02 
  1.398787272119794238E+02 
  1.400522335481603875E+02 
  1.402417697752320009E+02 
  1.404334571997825094E+02 
  1.406134171283999308E+02 
  1.407677708676724819E+02 
  1.408826397241882944E+02 
  1.409441450045354429E+02 
  1.409439800986925491E+02 
  1.409022711700403647E+02 
  1.408282400973949677E+02 
  1.407285713862806347E+02 
  1.406099495422216989E+02 
  1.404790590707425224E+02 
  1.403425844773673816E+02 
  1.402072102676206384E+02 
  1.400796209470265978E+02 
  1.399529972678228660E+02 
  1.397967857447218023E+02 
  1.396216820960507334E+02 
  1.394412174099033734E+02 
  1.392689227743736069E+02 
  1.391183292775552047E+02 
  1.390029680075419947E+02 
  1.389363700524278045E+02 
  1.389502364091243294E+02 
  1.391829080667927485E+02 
  1.396198141881957895E+02 
  1.402110196966257831E+02 
  1.409065895153748613E+02 
  1.416565885677353833E+02 
  1.424110817769997084E+02 
  1.431201340664598831E+02 
  1.437338103594083805E+02 
  1.442021755791372755E+02 
  1.444752946489389558E+02 
  1.445019703350473605E+02 
  1.442549814490504616E+02 
  1.437831391784397681E+02 
  1.431450754357613562E+02 
  1.423994221335611314E+02 
  1.416048111843849426E+02 
  1.408198745007789228E+02 
  1.401032439952888353E+02 
  1.395135515804608417E+02 
  1.391094291688407907E+02 
  1.389495086729745879E+02 
  1.389649138481226203E+02 
  1.390125245052815046E+02 
  1.390848597916467497E+02 
  1.391749189738826544E+02 
  1.392757013186536028E+02 
  1.393802060926238937E+02 
  1.394814325624578828E+02 
  1.395723799948198973E+02 
  1.396460476563742930E+02 
  1.396954348137853970E+02 
  1.397207684964945997E+02 
  1.397430077712421905E+02 
  1.397638729111409361E+02 
  1.397831266532981260E+02 
