   747 
  5.086819438414751815E+00 
  5.159987996740431626E+00 
  5.214210103348781544E+00 
  5.246933050618071803E+00 
  5.256752832707851653E+00 
  5.243414145558956463E+00 
  5.207810386893504173E+00 
  5.151983656214897067E+00 
  5.079124754807824438E+00 
  4.993413106557891723E+00 
  4.897926570333892116E+00 
  4.795271782928911541E+00 
  4.688055381136031485E+00 
  4.578884001748338761E+00 
  4.470364281558916630E+00 
  4.365102857360850130E+00 
  4.265706365947223411E+00 
  4.174781444111121509E+00 
  4.094956038673784882E+00 
  4.029787407877864602E+00 
  3.982482291262138041E+00 
  3.955070953838628611E+00 
  3.948407186092606658E+00 
  3.962168303982585460E+00 
  3.994855148940331446E+00 
  4.043792087870853535E+00 
  4.105127013152407578E+00 
  4.173831342636496800E+00 
  4.243863975031002767E+00 
  4.309122319644652421E+00 
  4.364385956232576191E+00 
  4.405869756239243706E+00 
  4.431223882798454028E+00 
  4.439533790733338314E+00 
  4.431320226556364261E+00 
  4.408539228469328997E+00 
  4.374582126363366186E+00 
  4.334275541818941591E+00 
  4.295262695975302414E+00 
  4.270150743872901167E+00 
  4.268939742651152613E+00 
  4.298378424135862019E+00 
  4.361964194839225151E+00 
  4.459943135959825611E+00 
  4.589310003382641057E+00 
  4.743808227679036094E+00 
  4.913929914106768493E+00 
  5.087754121377981775E+00 
  5.256370207443774589E+00 
  5.406491594145496293E+00 
  5.527060312405791542E+00 
  5.610164064221114799E+00 
  5.651036222661740993E+00 
  5.648055831871758414E+00 
  5.602747607069067826E+00 
  5.519781934545389568E+00 
  5.406974871666257343E+00 
  5.274449868103021188E+00 
  5.127647846767547257E+00 
  4.970707073680776134E+00 
  4.807765814863643072E+00 
  4.642962336337086882E+00 
  4.480434904122047257E+00 
  4.324321784239461230E+00 
  4.178761242710270274E+00 
  4.047891545555410531E+00 
  3.936280378345112130E+00 
  3.849121540702344468E+00 
  3.790121359005328205E+00 
  3.761365089791003591E+00 
  3.763316919755026468E+00 
  3.794819965751770496E+00 
  3.853096274794321374E+00 
  3.933746824054481728E+00 
  4.030751520862771997E+00 
  4.136469202708427773E+00 
  4.241839285787508018E+00 
  4.340287073208737745E+00 
  4.427105687642466592E+00 
  4.498846078824795924E+00 
  4.553317023557580612E+00 
  4.589585125708423696E+00 
  4.607974816210685276E+00 
  4.610068353063475399E+00 
  4.598705821331655841E+00 
  4.577985133145840102E+00 
  4.552630959604996086E+00 
  4.523892728067156810E+00 
  4.492276276797941392E+00 
  4.458287444062969840E+00 
  4.422432068127861271E+00 
  4.385215987258236581E+00 
  4.347145039719713111E+00 
  4.308725063777912645E+00 
  4.270461897698454301E+00 
  4.232861379746958086E+00 
  4.196429348189044006E+00 
  4.161671641290329404E+00 
  4.129094097316436951E+00 
  4.099202554532984877E+00 
  4.072502851205592300E+00 
  4.049534062938546342E+00 
  4.032582315696975783E+00 
  4.024574615171115255E+00 
  4.027953182797437748E+00 
  4.044675455758651950E+00 
  4.076214086983710239E+00 
  4.123556945147796249E+00 
  4.187207114672331976E+00 
  4.267182895724976888E+00 
  4.363017804219628815E+00 
  4.473727334477755946E+00 
  4.596095146206222282E+00 
  4.725779235133021672E+00 
  4.858437596986144413E+00 
  4.989728227493586132E+00 
  5.115309122383338902E+00 
  5.230838277383393020E+00 
  5.330958458645723042E+00 
  5.405054942141682695E+00 
  5.444849032407922174E+00 
  5.445756023030285498E+00 
  5.406885196643817615E+00 
  5.331039824932751969E+00 
  5.224717168630526487E+00 
  5.098108477519768478E+00 
  4.963713821222785150E+00 
  4.827816657728204675E+00 
  4.696656512109401049E+00 
  4.582024399499424305E+00 
  4.493669306345079661E+00 
  4.437940229923038160E+00 
  4.417786178339820680E+00 
  4.432756170531818363E+00 
  4.478999236265271300E+00 
  4.549264416136286293E+00 
  4.634285930780343676E+00 
  4.731308612345661579E+00 
  4.838930455350783255E+00 
  4.955749454314254621E+00 
  5.080363603754618040E+00 
  5.211370898190419432E+00 
  5.347369332140203824E+00 
  5.486956900122514469E+00 
  5.628731596655895508E+00 
  5.771291416258893747E+00 
  5.913234353450049774E+00 
  6.053158402747909506E+00 
  6.189661558671017083E+00 
  6.321341815737917536E+00 
  6.446797168467156780E+00 
  6.564625611377275405E+00 
  6.673425138986820215E+00 
  6.771793745814335352E+00 
  6.858329426378365845E+00 
  6.929588898262761809E+00 
  6.964697302120893774E+00 
  6.944702738815377252E+00 
  6.858027400211577529E+00 
  6.700467569177638083E+00 
  6.475193619584445059E+00 
  6.192750016305661021E+00 
  5.871055315217698301E+00 
  5.535227570722017987E+00 
  5.204649196479312678E+00 
  4.893203813190231344E+00 
  4.630084130675967913E+00 
  4.440437410738537594E+00 
  4.339914336367280079E+00 
  4.334669011738808919E+00 
  4.421358962217076360E+00 
  4.587145134353313836E+00 
  4.809691895886071045E+00 
  5.057341628218923191E+00 
  5.301959690073667630E+00 
  5.514748547884056329E+00 
  5.668327847357838678E+00 
  5.742512530432382967E+00 
  5.724312835274662170E+00 
  5.607934296281302800E+00 
  5.394777744078521842E+00 
  5.093439305522186267E+00 
  4.719710403697773060E+00 
  4.296577757920372775E+00 
  3.854313559347315898E+00 
  3.427427402684767088E+00 
  3.038576284302770603E+00 
  2.705102496815124713E+00 
  2.439220994982657764E+00 
  2.248019395713199309E+00 
  2.133457978061616078E+00 
  2.092369683229770239E+00 
  2.116460114566556250E+00 
  2.192307537567893316E+00 
  2.301362879876704959E+00 
  2.428988098336577028E+00 
  2.573048527229856663E+00 
  2.731596866742159513E+00 
  2.902685817059102558E+00 
  3.084368078366298782E+00 
  3.274696350849365167E+00 
  3.471723334693916918E+00 
  3.673501730085566575E+00 
  3.878084237209931562E+00 
  4.083523556252623976E+00 
  4.287872387399262131E+00 
  4.489183430835458566E+00 
  4.685509386746831595E+00 
  4.874902955318992426E+00 
  5.055416836737558484E+00 
  5.225103731188143641E+00 
  5.382016338856361770E+00 
  5.524207359927832073E+00 
  5.649729494588164869E+00 
  5.756538590118461585E+00 
  5.840714893922919870E+00 
  5.898354948063394332E+00 
  5.926535124448140124E+00 
  5.923311624831813837E+00 
  5.887720480815489488E+00 
  5.819777553846636309E+00 
  5.720478535219141847E+00 
  5.591798946073294196E+00 
  5.436694137395783777E+00 
  5.259196142924234429E+00 
  5.066192426119563663E+00 
  4.865533985631453895E+00 
  4.665071820109584877E+00 
  4.472656928203640803E+00 
  4.296140308563301424E+00 
  4.145708805250417406E+00 
  4.034446595360171806E+00 
  3.972051354088247166E+00 
  3.964664556390976369E+00 
  4.014871476985319099E+00 
  4.121701190348891153E+00 
  4.280626570719933355E+00 
  4.483564292097339532E+00 
  4.718874828240641861E+00 
  4.971362452670012644E+00 
  5.220855264486152336E+00 
  5.448395272982404336E+00 
  5.639872313078190480E+00 
  5.785218345916124605E+00 
  5.878407458862027646E+00 
  5.917455865504905432E+00 
  5.904421905656971781E+00 
  5.845406045353628954E+00 
  5.750550876853472104E+00 
  5.634041118638301704E+00 
  5.513187744181051286E+00 
  5.399703249451643927E+00 
  5.301251860369171176E+00 
  5.223848234781919508E+00 
  5.171857462467359667E+00 
  5.147995065132159986E+00 
  5.153326996412172178E+00 
  5.187269641872441994E+00 
  5.247589819007209222E+00 
  5.330404777239897030E+00 
  5.430182197923127063E+00 
  5.541713354599580477E+00 
  5.661212825049218189E+00 
  5.784895187052000232E+00 
  5.908975018387886635E+00 
  6.029666896836836543E+00 
  6.143185400178809985E+00 
  6.245745106193767882E+00 
  6.328016359559558879E+00 
  6.370671459113648183E+00 
  6.357398347541264982E+00 
  6.275317606501507051E+00 
  6.114982456627314988E+00 
  5.870378757525469560E+00 
  5.538925007776621889E+00 
  5.121472344935251719E+00 
  4.622304545529713593E+00 
  4.049138025062200441E+00 
  3.418666071110854521E+00 
  2.761012656068074556E+00 
  2.106718747452328788E+00 
  1.486325312782082575E+00 
  9.285144560799387659E-01 
  4.459062087185195478E-01 
  4.485540109789525054E-02 
 -2.714536910920088419E-01 
 -5.030073468714612028E-01 
 -6.529623999708895621E-01 
 -7.276462388308765350E-01 
 -7.365568066021985771E-01 
 -6.923626011457798546E-01 
 -6.109026750327337663E-01 
 -5.093277720484700177E-01 
 -3.918971180385731889E-01 
 -2.597752925862742979E-01 
 -1.141268752747947729E-01 
  4.388355431263377820E-02 
  8.319582317020589590E-01 
  2.202230513088325736E+00 
  4.045563863945035976E+00 
  6.272444444247937234E+00 
  8.809445227666120815E+00 
  1.159633106720499995E+01 
  1.458368852341991762E+01 
  1.773098533188448300E+01 
  2.100498162952971626E+01 
  2.437842917678808163E+01 
  2.721013955565070930E+01 
  2.952854792663559991E+01 
  3.142670015815438234E+01 
  3.298077576412238443E+01 
  3.425314525533669041E+01 
  3.529487328707204341E+01 
  3.614776806299716583E+01 
  3.684605924518662334E+01 
  3.741777171064829588E+01 
  3.788585028803981203E+01 
  3.826908061420724039E+01 
  3.858284306775261996E+01 
  3.883973003763141207E+01 
  3.905005129993620727E+01 
  3.922224778541131940E+01 
  3.936323034364173878E+01 
  3.947865709971259918E+01 
  3.957316053463583927E+01 
  3.965053340307899532E+01 
  3.971388094992726536E+01 
  3.976574553466399209E+01 
  3.980820866518357093E+01 
  3.984297453601190853E+01 
  3.987143842361660973E+01 
  3.989474268375073507E+01 
  3.991382259820026945E+01 
  3.992944391092620293E+01 
  3.994223356005836933E+01 
  3.995270483912395321E+01 
  3.996127799731901575E+01 
  3.996829710558431259E+01 
  3.997404386538029541E+01 
  3.997874891435581901E+01 
  3.998260108264681634E+01 
  3.998575497129267831E+01 
  3.998833715691883839E+01 
  3.999045127170113290E+01 
  3.999218216248893043E+01 
  3.999359929600711894E+01 
  3.999475954679967771E+01 
  3.999570947980483027E+01 
  3.999648721916950933E+01 
  3.999712397830525390E+01 
  3.999764531259199174E+01 
  3.999807214500517460E+01 
  3.999842160582826267E+01 
  3.999870772015112408E+01 
  3.999894197074613800E+01 
  3.999913375891220824E+01 
  3.999929078178184483E+01 
  3.999941934123415166E+01 
  3.999952459681135508E+01 
  3.999961077278935306E+01 
  3.999968132771270746E+01 
  3.999973909319824372E+01 
  3.999978638757770710E+01 
  3.999982510894063381E+01 
  3.999985681131126114E+01 
  3.999988276701703427E+01 
  3.999990401775156812E+01 
  3.999992141638146137E+01 
  3.999993566117480981E+01 
  3.999994732382519658E+01 
  3.999995687239573527E+01 
  3.999996469010409328E+01 
  3.999997109070233137E+01 
  3.999997633106895023E+01 
  3.999998062151825451E+01 
  3.999998413424104626E+01 
  3.999998701021522862E+01 
  3.999998936486372969E+01 
  3.999999129268687170E+01 
  3.999999287105496393E+01 
  3.999999416331346680E+01 
  3.999999522132523566E+01 
  3.999999608755201308E+01 
  3.999999679675850928E+01 
  3.999999737740768069E+01 
  3.999999785280301978E+01 
  3.999999824202379983E+01 
  3.999999856069082682E+01 
  3.999999882159330866E+01 
  3.999999903520220812E+01 
  3.999999921009037251E+01 
  3.999999935327669931E+01 
  3.999999947050774551E+01 
  3.999999956648840538E+01 
  3.999999964507073003E+01 
  3.999999970940849181E+01 
  3.999999976208378882E+01 
  3.999999980521069176E+01 
  3.999999984052000457E+01 
  3.999999986942881236E+01 
  3.999999989309735327E+01 
  3.999999991247552344E+01 
  3.999999992834101192E+01 
  3.999999994133058578E+01 
  3.999999995196554181E+01 
  3.999999996067271013E+01 
  3.999999996780154277E+01 
  3.999999997363813264E+01 
  3.999999997841673149E+01 
  3.999999998232910770E+01 
  3.999999998553230540E+01 
  3.999999998815485469E+01 
  3.999999999030201536E+01 
  3.999999999205996204E+01 
  3.999999999349924451E+01 
  3.999999999467762279E+01 
  3.999999999564241193E+01 
  3.999999999643230808E+01 
  3.999999999707902276E+01 
  3.999999999760850500E+01 
  3.999999999804200712E+01 
  3.999999999839693032E+01 
  3.999999999868752099E+01 
  3.999999999892543201E+01 
  3.999999999912021309E+01 
  3.999999999927969441E+01 
  3.999999999941026374E+01 
  3.999999999951715779E+01 
  3.999999999960468955E+01 
  3.999999999967634778E+01 
  3.999999999973501730E+01 
  3.999999999978304999E+01 
  3.999999999982237853E+01 
  3.999999999985457322E+01 
  3.999999999988093435E+01 
  3.999999999990252775E+01 
  3.999999999992019184E+01 
  3.999999999993465138E+01 
  3.999999999994649613E+01 
  3.999999999995619504E+01 
  3.999999999996414601E+01 
  3.999999999997064037E+01 
  3.874412252904492249E+01 
  3.742941616818019668E+01 
  3.604364958656790918E+01 
  3.457570694184532556E+01 
  3.301558788009555201E+01 
  3.135440753584748563E+01 
  2.958439653207586773E+01 
  2.769890098020129088E+01 
  2.569238248009013503E+01 
  2.356041812005469183E+01 
  2.255557794778408010E+01 
  2.147862144748923896E+01 
  2.034070350362868140E+01 
  1.915297900066089909E+01 
  1.792660282304439789E+01 
  1.667272985523769790E+01 
  1.540251498169928013E+01 
  1.412711308688766465E+01 
  1.285767905526134669E+01 
  1.160536777127883035E+01 
  1.038133411939861972E+01 
  9.196732984079222462E+00 
  8.062719249779139119E+00 
  6.990447800956877344E+00 
  5.991073522070934132E+00 
  5.075751297579810917E+00 
  4.255636011942024233E+00 
  3.541882549616062192E+00 
  2.944852400090189004E+00 
  2.470859040307836096E+00 
  2.123305500918783562E+00 
  1.902876689957982759E+00 
  1.807539392845505022E+00 
  1.832542272386616045E+00 
  1.970415868771698387E+00 
  2.210972599576313424E+00 
  2.541306759761188694E+00 
  2.945794521672181698E+00 
  3.406887330010584858E+00 
  3.908366519407627582E+00 
  4.434205748173371653E+00 
  4.968378674617884627E+00 
  5.494858957051228288E+00 
  5.997620253783461308E+00 
  6.460636223124652133E+00 
  6.867990665595543831E+00 
  7.206199773895656691E+00 
  7.465101456438418381E+00 
  7.637593815360641081E+00 
  7.719635146522577429E+00 
  7.710243939507876121E+00 
  7.611498877623586345E+00 
  7.428538837900193315E+00 
  7.169562891091572965E+00 
  6.845830301675031038E+00 
  6.471550385640597369E+00 
  6.061560260522917076E+00 
  5.630435521866177240E+00 
  5.192751765214556059E+00 
  4.763084586112234398E+00 
  4.356009580103392231E+00 
  3.986102342732216641E+00 
  3.666566197384555803E+00 
  3.406400951303408586E+00 
  3.212292215051305355E+00 
  3.088702638895680419E+00 
  3.037871912808873365E+00 
  3.059816766468098415E+00 
  3.152330969255488835E+00 
  3.310985330258050308E+00 
  3.529127698267696900E+00 
  3.797882961781243072E+00 
  4.107525321158711940E+00 
  4.450309532607898078E+00 
  4.818581588721934317E+00 
  5.204687482093958373E+00 
  5.600973205317111514E+00 
  5.999784750984529680E+00 
  6.393468111689347033E+00 
  6.774369280024704842E+00 
  7.134834248583740823E+00 
  7.467209009959586474E+00 
  7.763839556745386616E+00 
  8.017401511899567623E+00 
  8.222721597988016384E+00 
  8.376218625741964630E+00 
  8.475746296911228939E+00 
  8.520593204264239162E+00 
  8.511482831588017106E+00 
  8.450573553688197848E+00 
  8.341458636389001313E+00 
  8.189166236533250043E+00 
  8.000159401982372742E+00 
  7.782006441251096085E+00 
  7.541559454265298612E+00 
  7.285513343804117525E+00 
  7.020563012646687362E+00 
  6.753403363572141771E+00 
  6.490729299359617066E+00 
  6.239235722788250449E+00 
  6.005617536637172904E+00 
  5.796569643685524298E+00 
  5.616901653454457133E+00 
  5.466903909482460300E+00 
  5.346046187315719678E+00 
  5.253122221706882478E+00 
  5.186249706615056354E+00 
  5.142870295205797859E+00 
  5.119749599851127542E+00 
  5.112977192129517512E+00 
  5.117966602825900324E+00 
  5.129455321931662759E+00 
  5.143390091902632300E+00 
  5.159560880383759596E+00 
  5.177902182218748095E+00 
  5.198348492251302133E+00 
  5.220834305325126934E+00 
  5.245294116283926833E+00 
  5.271662419971404390E+00 
  5.299873711231264828E+00 
  5.329862484907211595E+00 
  5.361563235842950803E+00 
  5.394910458882183235E+00 
  5.429838648868615891E+00 
  5.466282300645952219E+00 
  5.504175909057897442E+00 
  5.543453968948152344E+00 
  5.584050975160424812E+00 
  5.625901422538417407E+00 
  5.668939805925833575E+00 
  5.713100620166379429E+00 
  5.758318360103758415E+00 
  5.804527520581673983E+00 
  5.851662596443831355E+00 
  5.899658082533933978E+00 
  5.948448473695686189E+00 
  5.997968264772792324E+00 
  6.048151950608957605E+00 
  6.098934026047884593E+00 
  6.150248985933278512E+00 
  6.202031325108841919E+00 
  6.254215538418280040E+00 
  6.306736120705297211E+00 
  6.359527566813598654E+00 
  6.412524371586886041E+00 
  6.465661029868866372E+00 
  6.518872036503241318E+00 
  6.572091886333714328E+00 
  6.625255074203994177E+00 
  6.678296094957781648E+00 
  6.731149443438781077E+00 
  6.783749614490697688E+00 
  6.836031102957235817E+00 
  6.887928403682098022E+00 
  6.939376011508988640E+00 
  6.990308421281613782E+00 
  7.040660127843676896E+00 
  7.090365626038881430E+00 
  7.139359410710932607E+00 
  7.187575976703532987E+00 
  7.234949818860387794E+00 
  7.281415432025201362E+00 
  7.326907311041678028E+00 
  7.371359950753523904E+00 
  7.414707846004437108E+00 
  7.456885491638127306E+00 
  7.497827382498297943E+00 
  7.537468013428650693E+00 
  7.575741879272891666E+00 
  7.612583474874725198E+00 
  7.647927295077854737E+00 
  7.681707834725983730E+00 
  7.713859588662818290E+00 
  7.744317051732060975E+00 
  7.773014718777417897E+00 
  7.799887084642591617E+00 
  7.824868644171286469E+00 
  7.847893892207207678E+00 
  7.868897323594057802E+00 
  7.887813433175542066E+00 
  7.904576715795363029E+00 
  7.919121666297229467E+00 
  7.931382779524841276E+00 
  7.935682589730632230E+00 
  7.920504896274730200E+00 
  7.875848260483789609E+00 
  7.793242189142134180E+00 
  7.665747134491771142E+00 
  7.487954494232369029E+00 
  7.255986611521282548E+00 
  6.967496774973537477E+00 
  6.621669218661824452E+00 
  6.219219122116522058E+00 
  5.768004570916939855E+00 
  5.283253330992382146E+00 
  4.780209351763291536E+00 
  4.274116582650112406E+00 
  3.780218973073289135E+00 
  3.313760472453270101E+00 
  2.889985030210494354E+00 
  2.524140998464695862E+00 
  2.229688100776062498E+00 
  2.016193203610928464E+00 
  1.889247877528087871E+00 
  1.850468397178754998E+00 
  1.897495741306595152E+00 
  2.023995592747724004E+00 
  2.219658338430676281E+00 
  2.470199069376444179E+00 
  2.757357580698449162E+00 
  3.058893968903267702E+00 
  3.350521224205660786E+00 
  3.614803714513195043E+00 
  3.840511183771287307E+00 
  4.019665366063088996E+00 
  4.147539985609473234E+00 
  4.222660756769025525E+00 
  4.246805384038075282E+00 
  4.225003562050661188E+00 
  4.165536975578559620E+00 
  4.079939299531266883E+00 
  3.982856637899808483E+00 
  3.885253268306415375E+00 
  3.794983764781247881E+00 
  3.718689897873610484E+00 
  3.661430946431919242E+00 
  3.626688747387763812E+00 
  3.616367695755887901E+00 
  3.630794744634207483E+00 
  3.668719405203797912E+00 
  3.727313746728901922E+00 
  3.802172396556929179E+00 
  3.887312540118450954E+00 
  3.975330238619140921E+00 
  4.058942163294085859E+00 
  4.133536137583113224E+00 
  4.195649469333796233E+00 
  4.242697722545304195E+00 
  4.272974717368390074E+00 
  4.285652530105395819E+00 
  4.280781493210251476E+00 
  4.259290195288472525E+00 
  4.222985481097162541E+00 
  4.174552451545013199E+00 
  4.117069215226911716E+00 
  4.051826034468644089E+00 
  3.979841943339832877E+00 
  3.902135975910096644E+00 
  3.819727166249059280E+00 
  3.733634548426341127E+00 
  3.644877156511563410E+00 
  3.554474024574346913E+00 
  3.463444186684314197E+00 
  3.372806676911083823E+00 
  3.283580529324280128E+00 
  3.196784777993523452E+00 
  3.113438456988433245E+00 
  3.034560600378632955E+00 
  2.961170242233742922E+00 
  2.894286416623383928E+00 
  2.834928157617176314E+00 
  2.784143976351050931E+00 
  2.743786456169508448E+00 
  2.715809114564906590E+00 
  2.701812534835601021E+00 
  2.703044366085959105E+00 
  2.720399323226357247E+00 
  2.754419186973172007E+00 
  2.805292803848791205E+00 
  2.872856086181602819E+00 
  2.956592012106007417E+00 
  3.055601148496100983E+00 
  3.167827055823412508E+00 
  3.290759426217625183E+00 
  3.421887951808423090E+00 
  3.558702324725487642E+00 
  3.698692237098502922E+00 
  3.839347381057152120E+00 
  3.978157448731117540E+00 
  4.112612132250085040E+00 
  4.240201123743735145E+00 
  4.358414115341751938E+00 
  4.464740799173819497E+00 
  4.556694643093836206E+00 
  4.632452239304353014E+00 
  4.690987479079373301E+00 
  4.731939687230587666E+00 
  4.755613622107375704E+00 
  4.762979475596804235E+00 
  4.755672873123628186E+00 
  4.735994873650289705E+00 
  4.706911969676915497E+00 
  4.672056087241323041E+00 
  4.635718939394047666E+00 
  4.605074986228314238E+00 
  4.587933049231326166E+00 
  4.590202664334810834E+00 
  4.615894081915021374E+00 
  4.667118266792735781E+00 
  4.744086898233257799E+00 
  4.845112369946422248E+00 
  4.966607790086579044E+00 
  5.103086981252607401E+00 
  5.247146351288664690E+00 
  5.387573401665133765E+00 
