   747 
  1.935928490576597438E+00 
  1.932204978862119393E+00 
  1.930000237279500874E+00 
  1.929628658298094601E+00 
  1.930501919650143838E+00 
  1.932303932937014412E+00 
  1.934922122166607084E+00 
  1.938243911346821724E+00 
  1.942156724485559538E+00 
  1.946547985590720176E+00 
  1.951305118670204841E+00 
  1.956315547731913407E+00 
  1.961466696783745967E+00 
  1.966645989833603947E+00 
  1.971740850889387220E+00 
  1.976638703958996324E+00 
  1.981226973050331797E+00 
  1.985393082171293067E+00 
  1.989024455329782004E+00 
  1.992008516533698259E+00 
  1.994232689790942148E+00 
  1.995584399109414209E+00 
  1.995941865076086508E+00 
  1.994791158677555964E+00 
  1.992171086695658122E+00 
  1.988477171494691387E+00 
  1.984104935438954165E+00 
  1.979449900892743974E+00 
  1.974907590220358333E+00 
  1.970873525786095426E+00 
  1.967743229954253659E+00 
  1.965912225089130327E+00 
  1.965696020729558180E+00 
  1.966607244036480573E+00 
  1.968303708116402984E+00 
  1.970561058462752868E+00 
  1.973154940568959903E+00 
  1.975860999928452433E+00 
  1.978454882034659468E+00 
  1.980712232381009352E+00 
  1.982408696460931541E+00 
  1.983319919767854156E+00 
  1.982544972747451784E+00 
  1.977452648079672137E+00 
  1.968826717936312809E+00 
  1.957847017200705197E+00 
  1.945693380756182478E+00 
  1.933545643486077159E+00 
  1.922583640273719752E+00 
  1.913987206002443431E+00 
  1.908936175555580483E+00 
  1.908248346173880616E+00 
  1.909722693774158486E+00 
  1.912617899762807161E+00 
  1.916755239814244893E+00 
  1.921955989602890602E+00 
  1.928041424803163206E+00 
  1.934832821089481181E+00 
  1.942151454136264110E+00 
  1.949818599617930248E+00 
  1.957655533208898513E+00 
  1.965483530583588045E+00 
  1.973123867416416211E+00 
  1.980397819381803703E+00 
  1.987126662154168777E+00 
  1.993131671407930128E+00 
  1.998234122817506453E+00 
  2.002255292057316005E+00 
  2.005016454801778369E+00 
  2.006338886725312243E+00 
  2.005858404861083688E+00 
  2.003125877395819376E+00 
  1.998604993157519605E+00 
  1.992817138960480294E+00 
  1.986283701618997366E+00 
  1.979526067947366963E+00 
  1.973065624759885672E+00 
  1.967423758870849637E+00 
  1.963121857094554112E+00 
  1.960681306245296129E+00 
  1.960350946086184765E+00 
  1.960608034601775795E+00 
  1.961109582678706387E+00 
  1.961833744064845453E+00 
  1.962758672508062796E+00 
  1.963862521756227775E+00 
  1.965123445557210635E+00 
  1.966519597658880292E+00 
  1.968029131809106547E+00 
  1.969630201755759646E+00 
  1.971300961246708505E+00 
  1.973019564029822703E+00 
  1.974764163852972043E+00 
  1.976512914464026327E+00 
  1.978243969610854913E+00 
  1.979935483041327382E+00 
  1.981565608503313980E+00 
  1.983112499744683177E+00 
  1.984554310513305442E+00 
  1.985869194557050132E+00 
  1.987035305623787051E+00 
  1.988030797461385557E+00 
  1.988833823817715230E+00 
  1.989422538440645649E+00 
  1.989775095078047062E+00 
  1.989855292864268099E+00 
  1.988886765668762324E+00 
  1.986570882721271136E+00 
  1.983095167438912343E+00 
  1.978647143238802864E+00 
  1.973414333538058063E+00 
  1.967584261753796637E+00 
  1.961344451303134395E+00 
  1.954882425603189144E+00 
  1.948385708071077360E+00 
  1.942041822123915296E+00 
  1.936038291178820758E+00 
  1.930562638652909779E+00 
  1.925802387963300388E+00 
  1.921945062527108838E+00 
  1.919178185761451383E+00 
  1.917689281083446495E+00 
  1.918104331449461242E+00 
  1.922881476476797191E+00 
  1.931199350526721759E+00 
  1.941650109057451834E+00 
  1.952825907527199867E+00 
  1.963318901394183635E+00 
  1.971721246116615367E+00 
  1.976625097152711730E+00 
  1.977220839826853149E+00 
  1.976380841198417615E+00 
  1.974750058065980252E+00 
  1.972389040544703098E+00 
  1.969358338749746196E+00 
  1.965718502796269807E+00 
  1.961530082799436636E+00 
  1.956853628874405837E+00 
  1.951749691136339671E+00 
  1.946278819700398399E+00 
  1.940501564681742286E+00 
  1.934478476195533370E+00 
  1.928270104356931469E+00 
  1.921936999281099068E+00 
  1.915539711083195984E+00 
  1.909138789878382481E+00 
  1.902794785781820819E+00 
  1.896568248908670817E+00 
  1.890519729374094515E+00 
  1.884709777293251509E+00 
  1.879198942781304060E+00 
  1.874047775953412431E+00 
  1.869316826924736663E+00 
  1.865066645810439017E+00 
  1.861357782725679533E+00 
  1.858250787785620028E+00 
  1.855806211105420545E+00 
  1.854084602800242010E+00 
  1.853146512985245797E+00 
  1.853934082861403265E+00 
  1.864036249590416139E+00 
  1.882683071084241710E+00 
  1.906750359129058658E+00 
  1.933113925511033671E+00 
  1.958649582016348090E+00 
  1.980233140431169714E+00 
  1.994740412541676111E+00 
  1.999122613509931590E+00 
  1.995917414346618957E+00 
  1.988441786817787271E+00 
  1.977672945652389824E+00 
  1.964588105579377908E+00 
  1.950164481327699706E+00 
  1.935379287626312061E+00 
  1.921209739204161604E+00 
  1.908633050790204067E+00 
  1.898626437113389187E+00 
  1.892167112902667370E+00 
  1.890271238125082132E+00 
  1.896542075897974522E+00 
  1.911344786508434757E+00 
  1.932549064628730440E+00 
  1.958024604931133839E+00 
  1.985641102087904342E+00 
  2.013268250771317547E+00 
  2.038775745653633287E+00 
  2.060033281407122274E+00 
  2.074910552704054112E+00 
  2.081277254216692629E+00 
  2.080906590077169493E+00 
  2.079282646309319027E+00 
  2.076570443308049185E+00 
  2.072854081477797372E+00 
  2.068217661223000547E+00 
  2.062745282948095671E+00 
  2.056521047057522367E+00 
  2.049629053955715818E+00 
  2.042153404047112986E+00 
  2.034178197736153049E+00 
  2.025787535427271635E+00 
  2.017065517524908369E+00 
  2.008096244433498878E+00 
  1.998963816557480344E+00 
  1.989752334301291503E+00 
  1.980545898069367317E+00 
  1.971428608266148297E+00 
  1.962484565296070294E+00 
  1.953797869563569378E+00 
  1.945452621473085619E+00 
  1.937532921429053312E+00 
  1.930122869835912747E+00 
  1.923306567098099773E+00 
  1.917168113620051351E+00 
  1.911791609806206216E+00 
  1.907261156061000218E+00 
  1.903660852788872093E+00 
  1.901074800394258357E+00 
  1.899587099281596414E+00 
  1.899323678896649437E+00 
  1.901178677764559843E+00 
  1.905229158917871812E+00 
  1.911136051733356878E+00 
  1.918560285587788794E+00 
  1.927162789857937097E+00 
  1.936604493920575987E+00 
  1.946546327152475220E+00 
  1.956649218930407663E+00 
  1.966574098631146628E+00 
  1.975981895631461205E+00 
  1.984533539308126482E+00 
  1.991889959037911773E+00 
  1.997712084197590388E+00 
  2.001660844163934083E+00 
  2.003397168313714172E+00 
  2.001573176068424775E+00 
  1.994598490364537735E+00 
  1.983596610324234177E+00 
  1.969764324754768259E+00 
  1.954298422463399465E+00 
  1.938395692257380398E+00 
  1.923252922943970988E+00 
  1.910066903330425170E+00 
  1.900034422223997543E+00 
  1.894352268431947373E+00 
  1.893821682318195254E+00 
  1.896328020666681491E+00 
  1.900901093210907833E+00 
  1.906991966565552810E+00 
  1.914051707345291398E+00 
  1.921531382164803015E+00 
  1.928882057638762637E+00 
  1.935554800381848572E+00 
  1.941000677008739128E+00 
  1.944670754134109725E+00 
  1.946016098372638226E+00 
  1.945339949048790595E+00 
  1.943420491498178304E+00 
  1.940421211352196806E+00 
  1.936505594242242445E+00 
  1.931837125799709787E+00 
  1.926579291655996506E+00 
  1.920895577442497171E+00 
  1.914949468790606568E+00 
  1.908904451331722818E+00 
  1.902924010697239154E+00 
  1.897171632518553697E+00 
  1.891810802427060789E+00 
  1.887005006054156109E+00 
  1.882917729031236220E+00 
  1.879712456989696134E+00 
  1.877552675560931972E+00 
  1.876601870376339631E+00 
  1.879417982418965849E+00 
  1.890482474924623402E+00 
  1.908656430754662292E+00 
  1.932620840015871533E+00 
  1.961056692815047242E+00 
  1.992644979258989091E+00 
  2.026066689454482095E+00 
  2.060002813508330366E+00 
  2.093134341527318032E+00 
  2.124142263618244542E+00 
  2.151707569887908456E+00 
  2.174511250443095900E+00 
  2.191234295390607656E+00 
  2.200557694837232514E+00 
  2.201965248866131208E+00 
  2.201074870167810005E+00 
  2.199273377359798776E+00 
  2.196611066556349634E+00 
  2.193138233871716025E+00 
  2.188905175420150950E+00 
  2.183962187315906078E+00 
  2.178359565673236187E+00 
  2.172147606606391612E+00 
  2.165376606229628020E+00 
  2.158096860657196636E+00 
  2.150358666003349573E+00 
  2.142212318382342051E+00 
  2.133708113908423520E+00 
  2.124896348695850534E+00 
  2.115827318858874317E+00 
  2.106551320511746539E+00 
  2.097118649768721976E+00 
  2.087579602744051854E+00 
  2.077984475551990950E+00 
  2.068383564306790490E+00 
  2.058827165122703029E+00 
  2.049365574113982902E+00 
  2.040049087394881777E+00 
  2.030928001079653544E+00 
  2.022052611282550760E+00 
  2.013473214117825094E+00 
  2.005240105699730879E+00 
  1.997403582142519562E+00 
  1.990013939560446143E+00 
  1.983121474067761625E+00 
  1.976776481778718342E+00 
  1.971029258807571738E+00 
  1.965930101268571928E+00 
  1.961529305275973467E+00 
  1.957877166944028691E+00 
  1.955023982386990156E+00 
  1.953020047719110863E+00 
  1.951915659054644037E+00 
  1.952104374142715759E+00 
  1.957361908623873159E+00 
  1.967245087645097090E+00 
  1.979877381981206330E+00 
  1.993382262407024985E+00 
  2.005883199697371388E+00 
  2.015503664627068758E+00 
  2.020367127970938981E+00 
  2.020426413315116410E+00 
  2.019553439800415351E+00 
  2.018027861079796814E+00 
  2.015902519680055960E+00 
  2.013230258127987504E+00 
  2.010063918950387052E+00 
  2.006456344674047987E+00 
  2.002460377825767690E+00 
  1.998128860932339323E+00 
  1.993514636520557159E+00 
  1.988670547117218357E+00 
  1.983649435249115411E+00 
  1.978504143443045482E+00 
  1.973287514225801953E+00 
  1.968052390124179984E+00 
  1.962851613664974959E+00 
  1.957738027374981371E+00 
  1.952764473780994603E+00 
  1.947983795409809371E+00 
  1.943448834788219948E+00 
  1.939212434443022159E+00 
  1.935327436901010278E+00 
  1.931846684688980131E+00 
  1.928823020333725768E+00 
  1.926309286362042128E+00 
  1.924358325300724371E+00 
  1.923022979676567656E+00 
  1.922356092016366702E+00 
  1.922827940805381886E+00 
  1.926180189548388544E+00 
  1.932170524218546959E+00 
  1.940302130140312720E+00 
  1.950078192638136088E+00 
  1.961001897036472430E+00 
  1.972576428659776226E+00 
  1.984304972832498182E+00 
  1.995690714879094330E+00 
  2.006236840124015153E+00 
  2.015446533891715575E+00 
  2.022822981506649853E+00 
  2.027869368293270025E+00 
  2.030088879576029903E+00 
  2.029693131917332583E+00 
  2.027891109862601127E+00 
  2.024759615038029370E+00 
  2.020339705898522631E+00 
  2.014672440898986672E+00 
  2.007798878494326811E+00 
  1.999760077139449033E+00 
  1.990597095289257101E+00 
  1.980350991398659444E+00 
  1.969062823922558270E+00 
  1.956773651315862006E+00 
  1.943524532033475749E+00 
  1.929356524530301931E+00 
  1.914310687261250310E+00 
  1.898428078681221987E+00 
  1.881749757245127608E+00 
  1.864316781407869827E+00 
  1.846170209624351521E+00 
  1.827351100349484003E+00 
  1.807900512038166818E+00 
  1.787859503145311058E+00 
  1.767269132125820041E+00 
  1.746170457434595313E+00 
  1.724604537526549297E+00 
  1.702612430856580872E+00 
  1.680235195879602017E+00 
  1.657513891050514943E+00 
  1.634489574824221636E+00 
  1.611203305655634965E+00 
  1.587696141999652921E+00 
  1.564009142311188372E+00 
  1.540183365045143082E+00 
  1.516259868656419485E+00 
  1.492279711599929559E+00 
  1.468283952330571962E+00 
  1.444313649303259339E+00 
  1.420409860972893679E+00 
  1.396613645794376968E+00 
  1.372966062222621852E+00 
  1.349508168712526546E+00 
  1.326281023719003693E+00 
  1.303325685696955061E+00 
  1.280683213101283302E+00 
  1.258394664386900175E+00 
  1.236501098008705002E+00 
  1.215043572421609541E+00 
  1.194063146080516002E+00 
  1.173600877440326817E+00 
  1.153697824955953743E+00 
  1.134395047082296770E+00 
  1.115733602274266323E+00 
  1.097754548986765055E+00 
  1.080498945674696509E+00 
  1.064007850792971333E+00 
  1.048322322796489514E+00 
  1.033483420140161702E+00 
  1.019532201278890993E+00 
  1.006509724667580929E+00 
  9.944570487611407161E-01 
  9.834152320144727843E-01 
  9.734253328824854501E-01 
  9.645284098200824774E-01 
  9.567655212821689625E-01 
  9.501777257236518892E-01 
  9.448060815994351325E-01 
  9.406916473644257870E-01 
  9.378754814735285050E-01 
  9.363986423816484939E-01 
  9.368511531811238857E-01 
  9.435202631284898001E-01 
  9.569171452785156795E-01 
  9.765600400749787635E-01 
  1.001967187961659400E+00 
  1.032656829382327057E+00 
  1.068147204780766524E+00 
  1.107956554600744603E+00 
  1.151603119286042531E+00 
  1.198605139280443765E+00 
  1.248480855027711112E+00 
  1.300748506971635798E+00 
  1.354926335555979078E+00 
  1.410532581224524851E+00 
  1.467085484421057906E+00 
  1.524103285589338386E+00 
  1.581104225173159294E+00 
  1.637606543616280774E+00 
  1.693128481362487614E+00 
  1.747188278855563714E+00 
  1.799304176539270106E+00 
  1.848994414857398461E+00 
  1.895777234253711141E+00 
  1.939170875171992048E+00 
  1.978693578056022417E+00 
  2.013863583349567943E+00 
  2.044199131496415411E+00 
  2.069218462940332071E+00 
  2.088439818125099823E+00 
  2.101381437494496129E+00 
  2.107561561492294455E+00 
  2.106841083693466121E+00 
  2.100486508931637353E+00 
  2.089273047474043299E+00 
  2.073892848422643542E+00 
  2.055038060879402551E+00 
  2.033400833946275466E+00 
  2.009673316725230752E+00 
  1.984547658318224661E+00 
  1.958716007827214778E+00 
  1.932870514354169567E+00 
  1.907703327001042615E+00 
  1.883906594869801276E+00 
  1.862172467062403358E+00 
  1.843193092680806444E+00 
  1.827660620826977445E+00 
  1.816267200602872833E+00 
  1.809704981110455968E+00 
  1.808618542996150325E+00 
  1.812649528580806413E+00 
  1.821055497218571961E+00 
  1.833206954944972544E+00 
  1.848474407795528407E+00 
  1.866228361805765346E+00 
  1.885839323011210045E+00 
  1.906677797447380307E+00 
  1.928114291149806148E+00 
  1.949519310154005147E+00 
  1.970263360495503990E+00 
  1.989716948209829583E+00 
  2.007250579332499729E+00 
  2.022234759899043333E+00 
  2.034039995944979751E+00 
  2.042036793505835224E+00 
  2.045595658617133772E+00 
  2.044679757174275636E+00 
  2.040475018832005549E+00 
  2.033351409880175709E+00 
  2.023639493241725429E+00 
  2.011669831839593137E+00 
  1.997772988596722366E+00 
  1.982279526436048434E+00 
  1.965520008280516651E+00 
  1.947824997053064555E+00 
  1.929525055676629686E+00 
  1.910950747074157130E+00 
  1.892432634168581984E+00 
  1.874301279882848892E+00 
  1.856887247139896058E+00 
  1.840521098862660576E+00 
  1.825533397974087535E+00 
  1.812254707397112696E+00 
  1.801015590054679816E+00 
  1.792146608869726876E+00 
  1.785978326765193192E+00 
  1.782841306664020742E+00 
  1.782923750015936060E+00 
  1.785627198205258281E+00 
  1.790594619683772093E+00 
  1.797536873546089931E+00 
  1.806164818886822010E+00 
  1.816189314800581656E+00 
  1.827321220381977973E+00 
  1.839271394725623177E+00 
  1.851750696926131257E+00 
  1.864469986078110209E+00 
  1.877140121276174689E+00 
  1.889471961614932916E+00 
  1.901176366188997768E+00 
  1.911964194092983238E+00 
  1.921546304421496876E+00 
  1.929633556269153116E+00 
  1.935936808730561509E+00 
  1.940166920900334713E+00 
  1.942034751873083831E+00 
  1.942065385262459198E+00 
  1.941921470504214930E+00 
  1.941668255367529072E+00 
  1.941308568903222120E+00 
  1.940845240162114349E+00 
  1.940281098195026255E+00 
  1.939618972052777446E+00 
  1.938861690786188863E+00 
  1.938012083446080558E+00 
  1.937072979083272806E+00 
  1.936047206748585658E+00 
  1.934937595492839835E+00 
  1.933746974366855387E+00 
  1.932478172421452589E+00 
  1.931134018707451494E+00 
  1.929717342275672820E+00 
  1.928230972176936620E+00 
  1.926677737462063167E+00 
  1.925060467181872736E+00 
  1.923381990387185603E+00 
  1.921645136128822262E+00 
  1.919852733457602323E+00 
  1.918007611424346948E+00 
  1.916112599079875967E+00 
  1.914170525475009432E+00 
  1.912184219660568063E+00 
  1.910156510687371911E+00 
  1.908090227606241251E+00 
  1.905988199467996580E+00 
  1.903853255323457505E+00 
  1.901688224223445189E+00 
  1.899495935218779241E+00 
  1.897279217360280601E+00 
  1.895040899698769099E+00 
  1.892783811285064566E+00 
  1.890510781169988164E+00 
  1.888224638404359501E+00 
  1.885928212038999519E+00 
  1.883624331124728046E+00 
  1.881315824712365137E+00 
  1.879005521852731508E+00 
  1.876696251596647436E+00 
  1.874390842994932749E+00 
  1.872092125098408610E+00 
  1.869802926957893963E+00 
  1.867526077624210190E+00 
  1.865264406148176901E+00 
  1.863020741580615036E+00 
  1.860797912972344648E+00 
  1.858598749374185344E+00 
  1.856426079836958287E+00 
  1.854282733411483086E+00 
  1.852171539148580681E+00 
  1.850095326099071125E+00 
  1.848056923313774025E+00 
  1.846059159843510544E+00 
  1.844104864739100513E+00 
  1.842196867051364428E+00 
  1.840337995831122564E+00 
  1.838531080129194528E+00 
  1.836778948996401706E+00 
  1.835084431483563483E+00 
  1.833450356641500800E+00 
  1.831879553521033488E+00 
  1.830374851172981598E+00 
  1.828939078648166294E+00 
  1.827575064997406962E+00 
  1.826285639271524097E+00 
  1.825073630521338419E+00 
  1.823941867797669758E+00 
  1.822893180151338610E+00 
  1.821930396633165250E+00 
  1.821056346293969508E+00 
  1.820273858184572324E+00 
  1.819585761355793530E+00 
  1.818994884858453620E+00 
  1.818504057743372870E+00 
  1.818116109061371333E+00 
  1.817833867863269504E+00 
  1.817660163199887657E+00 
  1.817597824122045846E+00 
  1.820073385326330673E+00 
  1.827611321283636459E+00 
  1.839560262379173583E+00 
  1.855261849637089400E+00 
  1.874057724081523713E+00 
  1.895289526736626096E+00 
  1.918298898626535465E+00 
  1.942427480775399173E+00 
  1.967016914207365019E+00 
  1.991408839946570808E+00 
  2.014944899017167224E+00 
  2.036966732443293182E+00 
  2.056815981249096481E+00 
  2.073834286458722698E+00 
  2.087363289096312968E+00 
  2.096744630186014646E+00 
  2.101319950751970200E+00 
  2.100428990371059346E+00 
  2.094185866827991571E+00 
  2.083613476665914455E+00 
  2.069770320280670983E+00 
  2.053714898068111250E+00 
  2.036505710424079130E+00 
  2.019201257744418054E+00 
  2.002860040424980337E+00 
  1.988540558861606300E+00 
  1.977301313450146258E+00 
  1.970200804586444754E+00 
  1.968237258736351691E+00 
  1.969474584665880101E+00 
  1.972291291581977024E+00 
  1.976341403364911375E+00 
  1.981278943894953404E+00 
  1.986757937052374023E+00 
  1.992432406717441040E+00 
  1.997956376770426923E+00 
  2.002983871091598811E+00 
  2.007168913561227619E+00 
  2.010165528059584261E+00 
  2.011627738466936766E+00 
  2.011277079485543240E+00 
  2.009291363179133594E+00 
  2.006008063357363813E+00 
  2.001762472918258151E+00 
  1.996889884759844414E+00 
  1.991725591780147742E+00 
  1.986604886877194831E+00 
  1.981863062949011489E+00 
  1.977835412893622857E+00 
  1.974857229609056075E+00 
  1.973263805993336506E+00 
  1.973180864790521571E+00 
  1.973792256834120185E+00 
  1.974936833216574872E+00 
  1.976570583674669424E+00 
  1.978649497945189628E+00 
  1.981129565764918832E+00 
  1.983966776870641713E+00 
  1.987117120999143394E+00 
  1.990536587887207887E+00 
  1.994181167271620092E+00 
  1.998006848889163134E+00 
  2.001969622476623023E+00 
  2.006025477770783549E+00 
  2.010130404508429613E+00 
  2.014240392426345672E+00 
  2.018311431261315292E+00 
  2.022299510750123819E+00 
  2.026160620629556153E+00 
  2.029850750636395862E+00 
  2.033325890507428735E+00 
  2.036542029979437007E+00 
  2.039455158789206468E+00 
  2.042021266673522462E+00 
  2.044196343369168112E+00 
  2.045936378612928763E+00 
  2.047197362141588428E+00 
  2.047935283691932007E+00 
  2.048093402381761408E+00 
  2.047280443507951908E+00 
  2.045408805149786957E+00 
  2.042586903025071177E+00 
  2.038923152851608300E+00 
  2.034525970347201174E+00 
  2.029503771229655307E+00 
  2.023964971216773101E+00 
  2.018017986026360511E+00 
  2.011771231376219493E+00 
  2.005333122984154226E+00 
  1.998812076567969775E+00 
  1.992316507845468321E+00 
  1.985954832534455372E+00 
  1.979835466352734219E+00 
  1.974066825018108151E+00 
  1.968757324248381790E+00 
  1.964015379761358648E+00 
  1.959949407274843125E+00 
  1.956667822506638732E+00 
  1.954279041174549203E+00 
  1.952891478996378938E+00 
  1.952603283378869348E+00 
  1.953236478465699921E+00 
  1.954555140731833118E+00 
  1.956380297023403880E+00 
  1.958532974186547149E+00 
  1.960834199067398753E+00 
  1.963104998512092747E+00 
  1.965166399366764960E+00 
  1.966839428477550555E+00 
  1.967945112690584253E+00 
  1.968296649174322344E+00 
  1.966471055061249862E+00 
  1.961958437459111249E+00 
  1.955400090756704623E+00 
  1.947437309342829881E+00 
  1.938711387606284919E+00 
  1.929863619935868080E+00 
  1.921535300720375705E+00 
