    22 
  4.746471604097960650E+00 
  5.160732144629047724E-01 
  4.829409691116963721E+00 
  1.031899249513444916E+00 
  4.513004124267228079E+00 
  1.878504428403837245E+00 
  5.869342574561716930E+00 
  9.067010519325007678E+00 
  4.906015402500668587E-01 
  4.173046109440943507E-02 
  9.758405546607336944E+00 
  1.096803148650897564E+00 
  9.870157571082113890E+00 
  1.318358861979689891E+02 
  6.411247367854346901E-01 
  4.985092414721947307E+00 
  6.072422858478927765E-02 
  1.037488513354193458E+02 
  4.142645998745291269E-01 
  3.664263906139710869E-01 
  1.772865171389793604E-01 
  2.864759060921389544E+00 
