   601 
  1.204029854370824637E+02 
  1.206308129735905510E+02 
  1.208358575177629035E+02 
  1.210133019272944068E+02 
  1.211583290598799465E+02 
  1.212661217732144223E+02 
  1.213318629249927056E+02 
  1.213494330970874557E+02 
  1.212177283646567645E+02 
  1.209170913354156767E+02 
  1.205060773982065854E+02 
  1.200432419418719405E+02 
  1.195871403552541921E+02 
  1.191963280271957331E+02 
  1.189293603465390419E+02 
  1.188508436075071444E+02 
  1.195403143233051964E+02 
  1.211269345201262837E+02 
  1.232942493545760385E+02 
  1.257258039832599081E+02 
  1.281051435627838941E+02 
  1.301158132497534439E+02 
  1.314413582007741752E+02 
  1.317621874642062778E+02 
  1.308407520161820798E+02 
  1.289222760978682061E+02 
  1.263592351382424539E+02 
  1.235041045662826491E+02 
  1.207093598109666033E+02 
  1.183274763012722985E+02 
  1.167109294661771770E+02 
  1.161530995429245365E+02 
  1.159682772052200050E+02 
  1.158422715490743968E+02 
  1.157519581726485995E+02 
  1.156742126741034582E+02 
  1.155859106515998604E+02 
  1.154639277032986513E+02 
  1.152851394273607042E+02 
  1.149087478978301675E+02 
  1.140326532338140026E+02 
  1.128144730904222115E+02 
  1.114442407078058608E+02 
  1.101119893261160456E+02 
  1.090077521855039038E+02 
  1.082703799423004369E+02 
  1.076082410727836987E+02 
  1.069728949856270219E+02 
  1.064051407215152523E+02 
  1.059457773211332494E+02 
  1.056356038251657878E+02 
  1.055154192742977273E+02 
  1.059929244143359881E+02 
  1.073163166036963219E+02 
  1.091524003716986755E+02 
  1.111668075797917936E+02 
  1.130251700894239804E+02 
  1.143935318584593119E+02 
  1.154656221415869339E+02 
  1.165456378106720337E+02 
  1.175455878718927352E+02 
  1.183774813314268926E+02 
  1.189533271954524452E+02 
  1.191851344701473323E+02 
  1.191317268765413786E+02 
  1.189669665788386936E+02 
  1.187163640501813688E+02 
  1.184046900891802352E+02 
  1.180567154944460810E+02 
  1.176972110645897658E+02 
  1.172942562179200934E+02 
  1.166895128314319408E+02 
  1.159620132346201586E+02 
  1.152139491584082407E+02 
  1.145475123337197374E+02 
  1.140648944914780145E+02 
  1.138682873626066510E+02 
  1.139790042486362864E+02 
  1.143013920060325859E+02 
  1.147801420823437439E+02 
  1.153601044060043108E+02 
  1.159861289054486946E+02 
  1.166030655091113886E+02 
  1.171830864820300917E+02 
  1.179109625333428681E+02 
  1.187561550236265759E+02 
  1.196242970459805122E+02 
  1.204210216935040449E+02 
  1.210519620592965424E+02 
  1.214227512364573727E+02 
  1.214588764077148397E+02 
  1.212674664371021294E+02 
  1.209326353944408083E+02 
  1.205167402675781005E+02 
  1.200821380443612583E+02 
  1.196911857126374343E+02 
  1.194062402602538953E+02 
  1.192896586750578649E+02 
  1.193461318663079140E+02 
  1.195065297943259139E+02 
  1.197360156269825495E+02 
  1.199998718242584061E+02 
  1.202633808461340692E+02 
  1.204918251525901240E+02 
  1.206504872036071561E+02 
  1.207031871969633272E+02 
  1.203198427608629686E+02 
  1.193956085775675433E+02 
  1.181154042187676936E+02 
  1.166641492561541327E+02 
  1.152267632614172470E+02 
  1.139881658062477925E+02 
  1.131332764623363545E+02 
  1.128447078623144648E+02 
  1.128576348125740196E+02 
  1.128918241813868235E+02 
  1.129458481178437665E+02 
  1.130182787710357672E+02 
  1.131076882900537015E+02 
  1.132126488239884594E+02 
  1.133317325219309453E+02 
  1.135533012619074356E+02 
  1.141148926881377150E+02 
  1.149322883989949560E+02 
  1.158975545488773662E+02 
  1.169027572921826277E+02 
  1.178399627833089056E+02 
  1.186012371766542799E+02 
  1.190787127982811455E+02 
  1.193571262524247345E+02 
  1.195879642300738936E+02 
  1.197829956832181040E+02 
  1.199539895638468039E+02 
  1.201127148239493607E+02 
  1.202709404155152697E+02 
  1.204404352905338840E+02 
  1.206354989247465568E+02 
  1.208653868513445531E+02 
  1.211112340300514347E+02 
  1.213518803611991785E+02 
  1.215661657451196049E+02 
  1.217329300821446765E+02 
  1.218310132726062989E+02 
  1.216509722331724674E+02 
  1.197608302795012776E+02 
  1.164634793665654513E+02 
  1.124956781117809186E+02 
  1.085941851325632825E+02 
  1.054957590463298231E+02 
  1.039371584704959730E+02 
  1.039122507411717180E+02 
  1.040718090647612968E+02 
  1.043474993190124849E+02 
  1.047306981896151257E+02 
  1.052127823622592047E+02 
  1.057851285226345084E+02 
  1.065810899211433025E+02 
  1.092427787866830329E+02 
  1.133248017382866237E+02 
  1.176506472158141889E+02 
  1.210438036591236823E+02 
  1.223300746471556977E+02 
  1.216567306806181819E+02 
  1.201151854564959365E+02 
  1.182146479235186973E+02 
  1.164643270304171239E+02 
  1.153734317259208950E+02 
  1.153366337192772875E+02 
  1.159678290071825870E+02 
  1.169428694170650687E+02 
  1.179932951192824078E+02 
  1.188506462841928339E+02 
  1.192464630821540794E+02 
  1.192576149299400896E+02 
  1.192641783688345640E+02 
  1.192691482486239352E+02 
  1.192725039991545657E+02 
  1.192742250502727615E+02 
  1.191859912884717261E+02 
  1.184882871697910645E+02 
  1.173408967216145840E+02 
  1.160396662133472034E+02 
  1.148804419143945097E+02 
  1.141590700941614500E+02 
  1.140771721524409656E+02 
  1.142414809774054021E+02 
  1.145373317730859100E+02 
  1.149305330393970621E+02 
  1.153868932762535877E+02 
  1.158722209835702444E+02 
  1.164369427297950921E+02 
  1.172557056004682465E+02 
  1.182354614222400073E+02 
  1.192664869513859287E+02 
  1.202390589441816360E+02 
  1.210434541569022997E+02 
  1.216464747906287869E+02 
  1.222426588148762079E+02 
  1.228149005681132877E+02 
  1.233233914153367010E+02 
  1.237283227215429235E+02 
  1.239898858517286726E+02 
  1.240693549462464205E+02 
  1.240285220160012045E+02 
  1.239296620919134853E+02 
  1.237833198918383744E+02 
  1.236000401336308983E+02 
  1.233903675351462113E+02 
  1.231648468142393540E+02 
  1.229340226887653813E+02 
  1.227060930607033669E+02 
  1.224432144924553114E+02 
  1.221358456458473540E+02 
  1.217933477685734402E+02 
  1.214250821083275724E+02 
  1.210404099128038524E+02 
  1.206486924296961973E+02 
  1.202592909066987232E+02 
  1.198815665915054041E+02 
  1.195247534042185720E+02 
  1.191893080702134284E+02 
  1.188673541198728429E+02 
  1.185518154443344940E+02 
  1.182356159347359181E+02 
  1.179116794822146517E+02 
  1.175729299779083590E+02 
  1.172122913129545623E+02 
  1.168226873784909259E+02 
  1.163965031377390176E+02 
  1.158436011757182342E+02 
  1.151454637784787991E+02 
  1.143646728763534952E+02 
  1.135638103996755746E+02 
  1.128054582787778912E+02 
  1.121521984439933561E+02 
  1.116666128256551502E+02 
  1.114112833540961418E+02 
  1.113620464803744596E+02 
  1.113351993231911905E+02 
  1.113173011581284868E+02 
  1.113038508655844652E+02 
  1.112903473259572138E+02 
  1.112722894196448635E+02 
  1.112451760270455168E+02 
  1.111966794837054664E+02 
  1.109567513888257650E+02 
  1.105125799986604420E+02 
  1.099373112448000711E+02 
  1.093040910588350414E+02 
  1.086860653723557277E+02 
  1.081563801169527324E+02 
  1.077875850402750331E+02 
  1.075046421123796136E+02 
  1.072275973201313803E+02 
  1.069736669397266411E+02 
  1.067600672473618886E+02 
  1.066040145192334023E+02 
  1.065227250315376182E+02 
  1.065855375956624584E+02 
  1.069722600638437058E+02 
  1.076053565678677302E+02 
  1.083808950459795426E+02 
  1.091949434364237987E+02 
  1.099435696774454669E+02 
  1.105442032244973802E+02 
  1.110906609297018690E+02 
  1.116194321618590237E+02 
  1.121408571006814299E+02 
  1.126652759258818861E+02 
  1.132030288171732195E+02 
  1.137746989133133866E+02 
  1.144454918811510709E+02 
  1.151669067100810935E+02 
  1.158680447258149115E+02 
  1.164780072540638827E+02 
  1.169258956205391797E+02 
  1.171635371856729506E+02 
  1.173425405896649210E+02 
  1.175013470567333087E+02 
  1.176351726979469703E+02 
  1.177392336243746769E+02 
  1.178087459470853133E+02 
  1.178389257771476650E+02 
  1.177680397334605971E+02 
  1.175090054985560215E+02 
  1.171181566916063446E+02 
  1.166558203478724067E+02 
  1.161823235026152759E+02 
  1.157579931910957924E+02 
  1.154431564485748538E+02 
  1.152981403103134710E+02 
  1.155690574529475754E+02 
  1.165130702362220916E+02 
  1.179327138756742386E+02 
  1.196214442759602150E+02 
  1.213727173417355090E+02 
  1.229799889776565038E+02 
  1.242367150883787019E+02 
  1.249773284964476545E+02 
  1.255647878057973230E+02 
  1.261203228112244403E+02 
  1.266243271548003975E+02 
  1.270571944785963296E+02 
  1.273993184246835568E+02 
  1.276310926351333563E+02 
  1.277329107520169345E+02 
  1.276955780364881576E+02 
  1.275387081573004480E+02 
  1.272759894739067335E+02 
  1.269206787067564051E+02 
  1.264860325762990385E+02 
  1.259853078029839679E+02 
  1.254317611072608116E+02 
  1.248386492095789464E+02 
  1.240458515759363110E+02 
  1.228461009563470157E+02 
  1.213190964520582895E+02 
  1.195473252638808219E+02 
  1.176132745926246059E+02 
  1.155994316390995778E+02 
  1.135882836041165547E+02 
  1.116623176884851887E+02 
  1.096567267414896776E+02 
  1.073675027211013031E+02 
  1.049347257264511200E+02 
  1.024999250945597282E+02 
  1.002046301624463638E+02 
  9.819037026713161254E+01 
  9.659867474563500878E+01 
  9.554600938662053977E+01 
  9.478400474616935867E+01 
  9.416894414692835369E+01 
  9.364571395437079104E+01 
  9.315920053396968115E+01 
  9.265429025119803441E+01 
  9.207586947152910284E+01 
  9.137047546017620903E+01 
  9.053166535524988490E+01 
  8.960468152313056578E+01 
  8.863731802290924122E+01 
  8.767736891367734131E+01 
  8.677262825452577033E+01 
  8.597089010454591573E+01 
  8.526343292674938823E+01 
  8.459671934776189062E+01 
  8.396671411206568791E+01 
  8.336951697774826187E+01 
  8.280122770289746370E+01 
  8.225794604560091727E+01 
  8.168854187265961286E+01 
  8.106864090648349475E+01 
  8.046927395483317014E+01 
  7.996203571939440735E+01 
  7.961852090185276154E+01 
  7.950933943614585075E+01 
  7.958596966305181297E+01 
  7.975918849375780439E+01 
  7.998958374433482277E+01 
  8.023774323085390847E+01 
  8.046425476938613031E+01 
  8.064095914566389922E+01 
  8.081259125521862074E+01 
  8.098152193322248138E+01 
  8.113826402598270704E+01 
  8.127333037980656627E+01 
  8.137723384100119972E+01 
  8.144841644543112125E+01 
  8.150023820208437542E+01 
  8.154443415751498492E+01 
  8.159273124941393007E+01 
  8.165685641547213436E+01 
  8.175245198344178732E+01 
  8.190751742932033608E+01 
  8.212146769056622020E+01 
  8.238943949784784593E+01 
  8.270656958183350582E+01 
  8.306799467319163455E+01 
  8.346885150259049624E+01 
  8.390427680069848293E+01 
  8.436940729818402929E+01 
  8.485937972571537102E+01 
  8.536933081396099965E+01 
  8.589439729358912246E+01 
  8.642971589526815990E+01 
  8.697042334966656085E+01 
  8.751165638745253261E+01 
  8.804855173929459511E+01 
  8.861197436312809828E+01 
  8.925955101684007786E+01 
  8.995847474028846591E+01 
  9.067284592854771574E+01 
  9.136676497669266439E+01 
  9.200591109179150351E+01 
  9.259653147109291638E+01 
  9.318090522970231859E+01 
  9.380231319567526782E+01 
  9.450403619706763436E+01 
  9.538135009009026533E+01 
  9.654211033242621909E+01 
  9.781200034313222602E+01 
  9.899835923395180259E+01 
  9.990852611662910476E+01 
  1.004748882081381112E+02 
  1.009256132804180908E+02 
  1.013051953696841991E+02 
  1.016465843907691919E+02 
  1.019827302585059954E+02 
  1.023585147453811715E+02 
  1.027698019640424292E+02 
  1.031489434743128299E+02 
  1.034275391931811896E+02 
  1.035371890376364803E+02 
  1.034481242522472400E+02 
  1.032344154206251261E+02 
  1.029826213234427854E+02 
  1.027792993824280074E+02 
  1.027144936380912554E+02 
  1.030763186630303210E+02 
  1.038963558290008820E+02 
  1.050195522315854362E+02 
  1.062908549663659983E+02 
  1.075892950852476986E+02 
  1.092335337493846623E+02 
  1.112097352743986534E+02 
  1.133490937091776516E+02 
  1.154828031026087132E+02 
  1.175121331813377878E+02 
  1.196282962468920772E+02 
  1.217688402391128761E+02 
  1.238301557684137322E+02 
  1.257086334452072833E+02 
  1.273366841722986891E+02 
  1.287915432087509942E+02 
  1.301535121804541859E+02 
  1.315007842350172496E+02 
  1.329115525200485308E+02 
  1.345906725487739379E+02 
  1.366229538521359359E+02 
  1.386650574810793159E+02 
  1.403652194152750781E+02 
  1.413716756343935685E+02 
  1.412626733193070550E+02 
  1.396545088195831568E+02 
  1.370250581865546451E+02 
  1.339473447312740859E+02 
  1.309943917647954379E+02 
  1.287392225981710681E+02 
  1.277476755885556940E+02 
  1.274473158647496689E+02 
  1.271841468036180203E+02 
  1.269598706037469356E+02 
  1.267761894637224600E+02 
  1.266348055821307668E+02 
  1.265374211575579295E+02 
  1.264857383885900788E+02 
  1.267339475829348316E+02 
  1.292283787920909788E+02 
  1.336860497922383786E+02 
  1.392513922260821460E+02 
  1.450688377363280210E+02 
  1.502828179656791576E+02 
  1.540377645568416938E+02 
  1.566528127509657509E+02 
  1.592255196385555678E+02 
  1.615798776770966754E+02 
  1.635337741531403140E+02 
  1.649050963532388607E+02 
  1.655117315639438687E+02 
  1.652887241008018293E+02 
  1.644686384835868864E+02 
  1.632248532609098675E+02 
  1.617275289168918277E+02 
  1.601468259356545332E+02 
  1.586529048013191243E+02 
  1.574159259980067986E+02 
  1.566060500098392652E+02 
  1.563843420604363814E+02 
  1.565397259563583816E+02 
  1.568818052723585481E+02 
  1.573615130083420297E+02 
  1.579297821642137762E+02 
  1.585375457398789933E+02 
  1.591357367352426024E+02 
  1.596752881502097523E+02 
  1.601071329846855917E+02 
  1.603822042385750422E+02 
  1.604840114457053915E+02 
  1.605562040237409747E+02 
  1.606221584179945978E+02 
  1.606814227047306645E+02 
  1.607335449602137203E+02 
  1.607780732607081404E+02 
  1.608145556824784705E+02 
  1.608425403017891142E+02 
  1.608615751949045602E+02 
  1.608712084380892406E+02 
  1.608578660216064691E+02 
  1.607546877662946372E+02 
  1.605658871183626957E+02 
  1.603074912711334150E+02 
  1.599955274179295941E+02 
  1.596460227520739181E+02 
  1.592750044668892997E+02 
  1.588984997556984240E+02 
  1.585325358118240047E+02 
  1.581931398285889259E+02 
  1.578963389993158728E+02 
  1.576533628385342922E+02 
  1.574319391194196385E+02 
  1.572212426003044925E+02 
  1.570193410867111083E+02 
  1.568243023841616832E+02 
  1.566341942981784428E+02 
  1.564470846342836126E+02 
  1.562610411979994183E+02 
  1.560741317948481139E+02 
  1.558844242303518683E+02 
  1.556899863100329640E+02 
  1.554888858394135980E+02 
  1.552814269121140569E+02 
  1.550717025095148642E+02 
  1.548600020526645267E+02 
  1.546464536793644413E+02 
  1.544311855274159768E+02 
  1.542143257346204450E+02 
  1.539960024387792714E+02 
  1.537763437776937110E+02 
  1.535554778891652461E+02 
  1.533335329109951601E+02 
  1.531106369809847934E+02 
  1.528863100040968845E+02 
  1.526594509309621799E+02 
  1.524304374185659583E+02 
  1.521997040941421346E+02 
  1.519676855849246522E+02 
  1.517348165181475963E+02 
  1.515015315210448534E+02 
  1.512682652208505090E+02 
  1.510354522447984778E+02 
  1.508035272201227315E+02 
  1.505728453999902854E+02 
  1.503214789938145373E+02 
  1.500402755759796491E+02 
  1.497412734844542399E+02 
  1.494365110572069000E+02 
  1.491380266322063335E+02 
  1.488578585474211025E+02 
  1.486080451408199110E+02 
  1.484006247503713780E+02 
  1.482476357140441223E+02 
  1.481611163698067912E+02 
  1.481534791972227652E+02 
  1.482302083476813834E+02 
  1.483753653148280875E+02 
  1.485703302845980716E+02 
  1.487964834429265579E+02 
  1.490352049757487691E+02 
  1.492678750689999276E+02 
  1.494758739086152559E+02 
  1.496405816805299764E+02 
  1.497433785706792833E+02 
  1.497664489273667812E+02 
  1.497161380569799576E+02 
  1.496063755550204633E+02 
  1.494464720330798002E+02 
  1.492457381027495558E+02 
  1.490134843756212035E+02 
  1.487590214632863876E+02 
  1.484916599773366102E+02 
  1.482207105293633447E+02 
  1.479554837309582354E+02 
  1.477052901937127274E+02 
  1.474794405292184933E+02 
  1.472808922839854802E+02 
  1.470918002962278024E+02 
  1.469082404850907437E+02 
  1.467278933342266498E+02 
  1.465484393272879799E+02 
  1.463675589479271082E+02 
  1.461829326797964086E+02 
  1.459922410065483405E+02 
  1.457931644118352779E+02 
  1.455833833793096801E+02 
  1.453605783926238928E+02 
  1.451157962930851681E+02 
  1.448339499390190781E+02 
  1.445233692126209348E+02 
  1.441936578236444291E+02 
  1.438544194818431095E+02 
  1.435152578969704678E+02 
  1.431857767787802231E+02 
  1.428755798370258674E+02 
  1.425942707814610628E+02 
  1.423514533218393581E+02 
  1.421524759663107318E+02 
  1.419599846997951147E+02 
  1.417671134717281518E+02 
  1.415790401260944122E+02 
  1.414009425068783798E+02 
  1.412379984580645953E+02 
  1.410953858236375709E+02 
