   601 
  3.973883309660686702E+00 
  3.999391298953561602E+00 
  4.023054760215976522E+00 
  4.044634558439659244E+00 
  4.063891558616340660E+00 
  4.080586625737748996E+00 
  4.117875699641933451E+00 
  4.143516810361679070E+00 
  4.152218747867594040E+00 
  4.140899114471462639E+00 
  4.108684324826256784E+00 
  4.056909605926127149E+00 
  3.989118997106405828E+00 
  3.911065350043610778E+00 
  3.830227612981144780E+00 
  3.752220672602602836E+00 
  3.682098254903266366E+00 
  3.628781646461453736E+00 
  3.600737557542708966E+00 
  3.603880098407490351E+00 
  3.641570779311170014E+00 
  3.714618510504037907E+00 
  3.821279602231300032E+00 
  3.957257764733075334E+00 
  4.116186824018694956E+00 
  4.293220879993390859E+00 
  4.483965515985060435E+00 
  4.684026315321593970E+00 
  4.889008861330887079E+00 
  5.094518737340832715E+00 
  5.296161526679325604E+00 
  5.489542812674257810E+00 
  5.670268178653524060E+00 
  5.833943207945017306E+00 
  5.974239011719776116E+00 
  6.055311832380235515E+00 
  6.045617346270573123E+00 
  5.932318144786590253E+00 
  5.721283734375722574E+00 
  5.437090536537025010E+00 
  5.121978307777138362E+00 
  4.797955496439217704E+00 
  4.472289880878641100E+00 
  4.152205813829289660E+00 
  3.846818694560407259E+00 
  3.594715365488342140E+00 
  3.430139809466206113E+00 
  3.368585668673992561E+00 
  3.406796244618568004E+00 
  3.522764498133679645E+00 
  3.676776629423997633E+00 
  3.849306721236180895E+00 
  4.035526100683171968E+00 
  4.230606094877912504E+00 
  4.429718030933345929E+00 
  4.628033235962415226E+00 
  4.820723037078062490E+00 
  5.002958761393232479E+00 
  5.169911736020864623E+00 
  5.316733550511922424E+00 
  5.437466700208149817E+00 
  5.526595923156021328E+00 
  5.580123641836202353E+00 
  5.595569963163542937E+00 
  5.571972678487080444E+00 
  5.509887263590040440E+00 
  5.411386878689830482E+00 
  5.280062368438048992E+00 
  5.121022261920478158E+00 
  4.940912510219068743E+00 
  4.749005843059178389E+00 
  4.555650431895614361E+00 
  4.371194448183185699E+00 
  4.205209990322448022E+00 
  4.063423582201076911E+00 
  3.949947031194192881E+00 
  3.867616458977166438E+00 
  3.817992301525623411E+00 
  3.801359309115439178E+00 
  3.816726546322740887E+00 
  3.861827392023904792E+00 
  3.933119539395563358E+00 
  4.025784995914597708E+00 
  4.134506156412395050E+00 
  4.256535304533473507E+00 
  4.389463754735155376E+00 
  4.530882821474766509E+00 
  4.678383819209631866E+00 
  4.829558062397078189E+00 
  4.981996865494427773E+00 
  5.133291542959007359E+00 
  5.281033409248141020E+00 
  5.422813778819153718E+00 
  5.556223966129371306E+00 
  5.678855285636116079E+00 
  5.788299051796717443E+00 
  5.881998533816119590E+00 
  5.956013190149619163E+00 
  6.006795681405202814E+00 
  6.031722857793353931E+00 
  6.029095759127057086E+00 
  5.998139614821790033E+00 
  5.939003843895533485E+00 
  5.852762054968764005E+00 
  5.741412046264455782E+00 
  5.607875805608086850E+00 
  5.456147555680002981E+00 
  5.292529519512702230E+00 
  5.123854907588493823E+00 
  4.956956930389685212E+00 
  4.798668798398585622E+00 
  4.655793705036372465E+00 
  4.533446262683924033E+00 
  4.435123432621082884E+00 
  4.363426543927213963E+00 
  4.320061293481204601E+00 
  4.305837745961467178E+00 
  4.320670333845933797E+00 
  4.363577857412061611E+00 
  4.432683484736828383E+00 
  4.525214751696736926E+00 
  4.637533579028938036E+00 
  4.766794836310410233E+00 
  4.910875412018690156E+00 
  5.067652194631310003E+00 
  5.235002072625807301E+00 
  5.410801934479715136E+00 
  5.592928668670568371E+00 
  5.779259163675901867E+00 
  5.967670307973252264E+00 
  6.156038990040153536E+00 
  6.342242098354139657E+00 
  6.524156521392747266E+00 
  6.699659147633511225E+00 
  6.866626865553963732E+00 
  7.022936563631641427E+00 
  7.166465130344080947E+00 
  7.295089454168815379E+00 
  7.406686423583378698E+00 
  7.478220124776447264E+00 
  7.467222558570840718E+00 
  7.353321081731903242E+00 
  7.138681373363811922E+00 
  6.848007434909581193E+00 
  6.527754798484872722E+00 
  6.212235849607001370E+00 
  5.920687029992398820E+00 
  5.668705919600387055E+00 
  5.468251236633192569E+00 
  5.348555639824776442E+00 
  5.354645011517864539E+00 
  5.505811016355531606E+00 
  5.795168134884920441E+00 
  6.189653663557238339E+00 
  6.630814506393917895E+00 
  7.068701852257648355E+00 
  7.467758819862059916E+00 
  7.800181235475831087E+00 
  8.045137556888851904E+00 
  8.188768107529471152E+00 
  8.224185076464474164E+00 
  8.151472518399121014E+00 
  7.977686353677111875E+00 
  7.716854368280598564E+00 
  7.389976213830192542E+00 
  7.025023407584948032E+00 
  6.653984484635198093E+00 
  6.307673987476730026E+00 
  6.011389310399519736E+00 
  5.781323958060191615E+00 
  5.624493748026983653E+00 
  5.538736810779700370E+00 
  5.512713589709766993E+00 
  5.528766842057909692E+00 
  5.570150739030376386E+00 
  5.618828687875946137E+00 
  5.655346314532501140E+00 
  5.659224614304987355E+00 
  5.614083183510502728E+00 
  5.511227726788600734E+00 
  5.349723854556334146E+00 
  5.136397083008285236E+00 
  4.885832834116531131E+00 
  4.617516434692943150E+00 
  4.348604016272984651E+00 
  4.096038837254454279E+00 
  3.870166257551811206E+00 
  3.675973197095614431E+00 
  3.516714907338748475E+00 
  3.393914971256439372E+00 
  3.307365303346254226E+00 
  3.255126149628089216E+00 
  3.233526087644184255E+00 
  3.237162026459108777E+00 
  3.258899206659774173E+00 
  3.289957056139667824E+00 
  3.326421232797947880E+00 
  3.368004166040018621E+00 
  3.414418285271285214E+00 
  3.465376019897152382E+00 
  3.520589799323027513E+00 
  3.579772052954312223E+00 
  3.642635210196414342E+00 
  3.708891700454736373E+00 
  3.778253953134684817E+00 
  3.850434397641664841E+00 
  3.925145463381080280E+00 
  4.002099579758336745E+00 
  4.081009176178840292E+00 
  4.161586682047993868E+00 
  4.243544526771204417E+00 
  4.326595139753874442E+00 
  4.410450950401411774E+00 
  4.494824388119218916E+00 
  4.579427882312702813E+00 
  4.663973862387267744E+00 
  4.748174757748318875E+00 
  4.831742997801259598E+00 
  4.914391011951498633E+00 
  4.995831229604436707E+00 
  5.075776080165482540E+00 
  5.153937993040038634E+00 
  5.230029397633510158E+00 
  5.303762723351301389E+00 
  5.374850399598820161E+00 
  5.443004855781468976E+00 
  5.507938521304654778E+00 
  5.569363825573780957E+00 
  5.626993197994253570E+00 
  5.680539067971476896E+00 
  5.729713864910856103E+00 
  5.774230018217795468E+00 
  5.813799957297701049E+00 
  5.848136111555976235E+00 
  5.876812511359732483E+00 
  5.896861189097972300E+00 
  5.904657912323368230E+00 
  5.896968528190676295E+00 
  5.870948963456741332E+00 
  5.824145224480497873E+00 
  5.754493397222961271E+00 
  5.660319647247243680E+00 
  5.540340219718535408E+00 
  5.393661439404121793E+00 
  5.219918109711672471E+00 
  5.021677111629038848E+00 
  4.802551670582504428E+00 
  4.566155011998345614E+00 
  4.316100361302849464E+00 
  4.056000943922292379E+00 
  3.789469985282954756E+00 
  3.520120710811119213E+00 
  3.251566345933065261E+00 
  2.987420116075073295E+00 
  2.731295246663424159E+00 
  2.486804963124399137E+00 
  2.257562490884277739E+00 
  2.047181055369343472E+00 
  1.859273882005873180E+00 
  1.697455359031871946E+00 
  1.565159509921944858E+00 
  1.464948130522320424E+00 
  1.398366339152579574E+00 
  1.365942576605636560E+00 
  1.367188606147755170E+00 
  1.400599513518546502E+00 
  1.463653706930957643E+00 
  1.552812917071285215E+00 
  1.663522197099164046E+00 
  1.790208759835851593E+00 
  1.926463505339353732E+00 
  2.065732883769386241E+00 
  2.201463345285664897E+00 
  2.327101340047907918E+00 
  2.435293366770528323E+00 
  2.518324237440380919E+00 
  2.569723412026557519E+00 
  2.584274516271124256E+00 
  2.558015341689139355E+00 
  2.488237845568638029E+00 
  2.373488150970630706E+00 
  2.213566546729124340E+00 
  2.009527487451092664E+00 
  1.763679593516506161E+00 
  1.480385602523613731E+00 
  1.165624104571197250E+00 
  8.253832075487987918E-01 
  4.656510193459532099E-01 
  9.241564785220077183E-02 
 -2.883347990429211416E-01 
 -6.706122134498745391E-01 
 -1.048428487479123650E+00 
 -1.415795513241127734E+00 
 -1.766725182846351716E+00 
 -2.095229388405257964E+00 
 -2.395320022028304852E+00 
 -2.661008975825958967E+00 
 -2.887297403764684578E+00 
 -3.073827146798876697E+00 
 -3.221382189586020850E+00 
 -3.331388798652718641E+00 
 -3.405915522394701522E+00 
 -3.447673191076816579E+00 
 -3.460014916833037635E+00 
 -3.446936093666457257E+00 
 -3.413074397449286757E+00 
 -3.363709785922861961E+00 
 -3.303775236841631990E+00 
 -3.234205322841246844E+00 
 -3.155434754723385637E+00 
 -3.067898243289720828E+00 
 -2.972030499341931087E+00 
 -2.868266233681691979E+00 
 -2.757040157110679512E+00 
 -2.638786980430571028E+00 
 -2.513941414443041644E+00 
 -2.382938169949768259E+00 
 -2.246211957752426436E+00 
 -2.104197488652693515E+00 
 -1.957329473452244839E+00 
 -1.806042622952757082E+00 
 -1.650771647955906474E+00 
 -1.491951259263368801E+00 
 -1.330016167676820960E+00 
 -1.165401083997938514E+00 
 -9.985407190283982493E-01 
 -8.298697835698763958E-01 
 -6.598229884240488508E-01 
 -4.888350443925926214E-01 
 -3.173406622771836050E-01 
 -1.457745528794980316E-01 
  2.542857299878775734E-02 
  1.958340045559975040E-01 
  3.650070309904556720E-01 
  5.325129415004845601E-01 
  6.979170252844084654E-01 
  8.607845715405521014E-01 
  1.020680869467237795E+00 
  1.177171208262790314E+00 
  1.329820877125533540E+00 
  1.478195165253790577E+00 
  1.621859361845885417E+00 
  1.760378756100141162E+00 
  1.893318637214882028E+00 
  2.020244294388432671E+00 
  2.140721016819115974E+00 
  2.254314093705255484E+00 
  2.360588814245174305E+00 
  2.459110467637197761E+00 
  2.549444343079648512E+00 
  2.631155729770850549E+00 
  2.703809916909128308E+00 
  2.766972193692804005E+00 
  2.820212040594666014E+00 
  2.863711618878974630E+00 
  2.898127214659987239E+00 
  2.924168052101337345E+00 
  2.942596293416035458E+00 
  2.954227038866465982E+00 
  2.959928326764389883E+00 
  2.960621133470939803E+00 
  2.957279373396628941E+00 
  2.950929899001343504E+00 
  2.942648309519879657E+00 
  2.932950461444939982E+00 
  2.921931024468600757E+00 
  2.909684668282939590E+00 
  2.896306062580033647E+00 
  2.881889877051960980E+00 
  2.866530781390798754E+00 
  2.850323445288622803E+00 
  2.833362538437512068E+00 
  2.815742730529542825E+00 
  2.797558691256792684E+00 
  2.778905090311339698E+00 
  2.759876597385260588E+00 
  2.740567882170632519E+00 
  2.721073614359533543E+00 
  2.701488463644039939E+00 
  2.681907099716229759E+00 
  2.662424192268179723E+00 
  2.643134410991967442E+00 
  2.624132425579670080E+00 
  2.605512905723365247E+00 
  2.587370521115130106E+00 
  2.569799941447041380E+00 
  2.552895836411177122E+00 
  2.536752875699614052E+00 
  2.521465729004430223E+00 
  2.507129066017701913E+00 
  2.493837556431507174E+00 
  2.481685869937923616E+00 
  2.470768676229028404E+00 
  2.461180644996897815E+00 
  2.453016445933609901E+00 
  2.448266071179140191E+00 
  2.450501503093645006E+00 
  2.462703875083635641E+00 
  2.487263268370578650E+00 
  2.525978711990907843E+00 
  2.580058182796020283E+00 
  2.650118605452271847E+00 
  2.736185852440984778E+00 
  2.837694744058439689E+00 
  2.953489048415881335E+00 
  3.079926158991622032E+00 
  3.211190426858749447E+00 
  3.341465999858967084E+00 
  3.464937025833974893E+00 
  3.575285939575904681E+00 
  3.661197670002028559E+00 
  3.712569637319387716E+00 
  3.722465077271037703E+00 
  3.687113041136075076E+00 
  3.605908395729616522E+00 
  3.481411823402798866E+00 
  3.319349822042793274E+00 
  3.128614705072793267E+00 
  2.921264601452024046E+00 
  2.712680825155072473E+00 
  2.522414179567972869E+00 
  2.367981814924900341E+00 
  2.263325358309546953E+00 
  2.218810913655091532E+00 
  2.241229061744225870E+00 
  2.333794860209156496E+00 
  2.496147843531574484E+00 
  2.724352023042694526E+00 
  3.010895886923217635E+00 
  3.345036743773591503E+00 
  3.716450211043208718E+00 
  4.115223360429074440E+00 
  4.531443263628202267E+00 
  4.955196992337601358E+00 
  5.376571618254283536E+00 
  5.785654213075257069E+00 
  6.172531848497534668E+00 
  6.527291596218124603E+00 
  6.840008215742649611E+00 
  7.096109483320249822E+00 
  7.280026541345248070E+00 
  7.380249071382854353E+00 
  7.389325294169111658E+00 
  7.303861969610949245E+00 
  7.124524396786148017E+00 
  6.856036413943331631E+00 
  6.507180398502015350E+00 
  6.090797267052546538E+00 
  5.623798787547547917E+00 
  5.131802250366970242E+00 
  4.645480118916433199E+00 
  4.195300927521023127E+00 
  3.806833288656961578E+00 
  3.498236038685926808E+00 
  3.280637269032887104E+00 
  3.158134326186099461E+00 
  3.127793811697072268E+00 
  3.179651582180613723E+00 
  3.296712749314790081E+00 
  3.455021698847693390E+00 
  3.632685274375108797E+00 
  3.810219243467102501E+00 
  3.970129013362753589E+00 
  4.099419485235797467E+00 
  4.189216023016827606E+00 
  4.234764453393280448E+00 
  4.235431065809466489E+00 
  4.194702612466544522E+00 
  4.120186308322531410E+00 
  4.023539812085557443E+00 
  3.911448042436197703E+00 
  3.785480640981403688E+00 
  3.647207249328124679E+00 
  3.498197509083310397E+00 
  3.340021061853910567E+00 
  3.174247549246872691E+00 
  3.002446612869148712E+00 
  2.826187894327687467E+00 
  2.647041035229439121E+00 
  2.466575677181353399E+00 
  2.286361461790379579E+00 
  2.107968030663466941E+00 
  1.932965025407565873E+00 
  1.762922087629625212E+00 
  1.599408858936594457E+00 
  1.443994980935425776E+00 
  1.298250095233066670E+00 
  1.163743843436466863E+00 
  1.042045867152574967E+00 
  9.347258079883410398E-01 
  8.433654998585786711E-01 
  7.697812633817978645E-01 
  7.155664012154495657E-01 
  6.818954776531483963E-01 
  6.695243186246706557E-01 
  6.787900116959608710E-01 
  7.096109060691130344E-01 
  7.614866125823904763E-01 
  8.334980037102184269E-01 
  9.243072135631834607E-01 
  1.032145445580179954E+00 
  1.154590678132549897E+00 
  1.289025169188865449E+00 
  1.432831176717697108E+00 
  1.583390958687615591E+00 
  1.738086773067193391E+00 
  1.894300877825000118E+00 
  2.049415530929606710E+00 
  2.200812990349583664E+00 
  2.345875514053502364E+00 
  2.481985360009931973E+00 
  2.606524786187444764E+00 
  2.716876050554611233E+00 
  2.810335519503138535E+00 
  2.884279207781226262E+00 
  2.936962044028684993E+00 
  2.967572605796207963E+00 
  2.976233119545351524E+00 
  2.963999460648543138E+00 
  2.932861153389078712E+00 
  2.885741370961119934E+00 
  2.826496935469708482E+00 
  2.759918317930750931E+00 
  2.691815529847887856E+00 
  2.630714641202858139E+00 
  2.586401038930758567E+00 
  2.566358615378288910E+00 
  2.575748418880017709E+00 
  2.617408653758382275E+00 
  2.691854680323685134E+00 
  2.797279014874104686E+00 
  2.929551329695667672E+00 
  3.082218453062277153E+00 
  3.246504369235702736E+00 
  3.409545146467134025E+00 
  3.557653766702074449E+00 
  3.679980595299798374E+00 
  3.767867290872031649E+00 
  3.814846805282945841E+00 
  3.816643383649165777E+00 
  3.771172564339747790E+00 
  3.678541178976229453E+00 
  3.541047352432579398E+00 
  3.363180502835221741E+00 
  3.151524355637750130E+00 
  2.912149589905651759E+00 
  2.650459445119367707E+00 
  2.371857160759328842E+00 
  2.081745976305969581E+00 
  1.785529131239720568E+00 
  1.488609865041015556E+00 
  1.196391417190287854E+00 
  9.142770271679691030E-01 
  6.476699344544918358E-01 
  4.019733785302882501E-01 
  1.825905988757988152E-01 
 -5.579172385366604377E-03 
 -1.610170237326460918E-01 
 -2.833498691245981971E-01 
 -3.728316386721911013E-01 
 -4.303432786387951237E-01 
 -4.573927514402093553E-01 
 -4.561150356446326271E-01 
 -4.292721259726761107E-01 
 -3.802530332973607097E-01 
 -3.130737846441121741E-01 
 -2.318734158339630369E-01 
 -1.380376582372942751E-01 
 -3.243343389777777336E-02 
  8.407233514091423665E-02 
  2.106127268351123405E-01 
  3.463208191411418224E-01 
  4.903296900153303883E-01 
  6.417724174140069238E-01 
  7.997820792934987599E-01 
  9.634917536101355040E-01 
  1.132034518320243821E+00 
  1.304543451380151264E+00 
  1.480151630746185720E+00 
  1.657992134374675741E+00 
  1.837198040221949880E+00 
  2.016902426244335356E+00 
  2.196238370398160278E+00 
  2.374338950639752532E+00 
  2.550337244925439784E+00 
  2.723366331211550140E+00 
  2.892559287454411709E+00 
  3.057049191610352157E+00 
  3.215969121635700922E+00 
  3.368452155486784783E+00 
  3.513631371119930069E+00 
  3.650639846491466223E+00 
  3.778610659557722240E+00 
  3.896676888275025341E+00 
  4.003971610599703190E+00 
  4.099627904488081676E+00 
  4.182778847896491570E+00 
  4.230323439088896187E+00 
  4.273916310632230875E+00 
  4.313340732015576329E+00 
  4.348379972728011467E+00 
