   763 
  1.551113008910235402E+00 
  1.564936841489279029E+00 
  1.580442975080748935E+00 
  1.597390909182512697E+00 
  1.615540143292436115E+00 
  1.634650176908384545E+00 
  1.654480509528224452E+00 
  1.674790640649820084E+00 
  1.695340069771040570E+00 
  1.715888296389750378E+00 
  1.736194820003815531E+00 
  1.756019140111101828E+00 
  1.775120756209474404E+00 
  1.793259167796801723E+00 
  1.810193874370948253E+00 
  1.825684375429780459E+00 
  1.839490170471163921E+00 
  1.851370758992964216E+00 
  1.861085640493048476E+00 
  1.868394314469282502E+00 
  1.873056280419531872E+00 
  1.874831037841662829E+00 
  1.874147224507408893E+00 
  1.871891944438974331E+00 
  1.868188525470102723E+00 
  1.863155618883091336E+00 
  1.856911875960236991E+00 
  1.849575947983837843E+00 
  1.841266486236189825E+00 
  1.832102141999590872E+00 
  1.822201566556337582E+00 
  1.811683411188727666E+00 
  1.800666327179058834E+00 
  1.789268965809626799E+00 
  1.777609978362729493E+00 
  1.765808016120663959E+00 
  1.753981730365727909E+00 
  1.742249772380218609E+00 
  1.730730793446431992E+00 
  1.719543444846665992E+00 
  1.708806377863217651E+00 
  1.698638243778384460E+00 
  1.689157693874464128E+00 
  1.680483379433752145E+00 
  1.672733951738546887E+00 
  1.666028062071144955E+00 
  1.660484361713844503E+00 
  1.656221501948941910E+00 
  1.653358134058734441E+00 
  1.652012909325518919E+00 
  1.652943111034437029E+00 
  1.657990770838703609E+00 
  1.666735818794031099E+00 
  1.678590434844607016E+00 
  1.692966798934618433E+00 
  1.709277091008252203E+00 
  1.726933491009697841E+00 
  1.745348178883141754E+00 
  1.763933334572771017E+00 
  1.782101138022773368E+00 
  1.799263769177335215E+00 
  1.814833407980646740E+00 
  1.828222234376893240E+00 
  1.838842428310262900E+00 
  1.846106169724943236E+00 
  1.849425638565121099E+00 
  1.846442066989155695E+00 
  1.833992516748370383E+00 
  1.814692746870805617E+00 
  1.791391081529758456E+00 
  1.766935844898525954E+00 
  1.744175361150406722E+00 
  1.725957954458694488E+00 
  1.715131948996688305E+00 
  1.713774817116466176E+00 
  1.717443192656263440E+00 
  1.724040561385632664E+00 
  1.732515220184440929E+00 
  1.741815465932554430E+00 
  1.750889595509839136E+00 
  1.758685905796161242E+00 
  1.764152693671386718E+00 
  1.766238256015382868E+00 
  1.765633438614859774E+00 
  1.763866570551194224E+00 
  1.761048046706709558E+00 
  1.757288103536418955E+00 
  1.752696977495333819E+00 
  1.747384905038467107E+00 
  1.741462122620831554E+00 
  1.735038866697439230E+00 
  1.728225373723303537E+00 
  1.721131880153435434E+00 
  1.713868622442848100E+00 
  1.706545837046554048E+00 
  1.699273760419566015E+00 
  1.692162629016896291E+00 
  1.685322679293556947E+00 
  1.678864147704560494E+00 
  1.672897270704920114E+00 
  1.667532284749647431E+00 
  1.662879426293755847E+00 
  1.659048931792256765E+00 
  1.656151037700163364E+00 
  1.654295980472487493E+00 
  1.653593996564242552E+00 
  1.654233589994660303E+00 
  1.656270964661006095E+00 
  1.659565228073186738E+00 
  1.663974838705770232E+00 
  1.669358255033325245E+00 
  1.675573935530418890E+00 
  1.682480338671620501E+00 
  1.689935922931497858E+00 
  1.697799146784618518E+00 
  1.705928468705551593E+00 
  1.714182347168863751E+00 
  1.722419240649124772E+00 
  1.730497607620902212E+00 
  1.738275906558764072E+00 
  1.745612595937278355E+00 
  1.752366134231013284E+00 
  1.758394979914537304E+00 
  1.763557591462418417E+00 
  1.767712427349224846E+00 
  1.770717946049524594E+00 
  1.772432606037885439E+00 
  1.772706309462715346E+00 
  1.771376644462990368E+00 
  1.768601699751861211E+00 
  1.764611432323982099E+00 
  1.759635799174008586E+00 
  1.753904757296594008E+00 
  1.747648263686393699E+00 
  1.741096275338062327E+00 
  1.734478749246254559E+00 
  1.728025642405625062E+00 
  1.721966911810827616E+00 
  1.716532514456517777E+00 
  1.711952407337349769E+00 
  1.708456547447978036E+00 
  1.706274891783057690E+00 
  1.705628099074589343E+00 
  1.705907683976212841E+00 
  1.706608798426700213E+00 
  1.707691843595721348E+00 
  1.709117220652945912E+00 
  1.710845330768044237E+00 
  1.712836575110685988E+00 
  1.715051354850540832E+00 
  1.717450071157279101E+00 
  1.719993125200570461E+00 
  1.722640918150085243E+00 
  1.725353851175492670E+00 
  1.728092325446463295E+00 
  1.730816742132666564E+00 
  1.733487502403772362E+00 
  1.736065007429450802E+00 
  1.738509658379372214E+00 
  1.740781856423205820E+00 
  1.742842002730621731E+00 
  1.744650498471290057E+00 
  1.746167744814880685E+00 
  1.747354142931063281E+00 
  1.748170093989507956E+00 
  1.748575999159884375E+00 
  1.746923381202273307E+00 
  1.737478810774375937E+00 
  1.722111186442165431E+00 
  1.703543751380038884E+00 
  1.684499748762392946E+00 
  1.667702421763625376E+00 
  1.655875013558130604E+00 
  1.651723909137283952E+00 
  1.652239908014243808E+00 
  1.653634307078230448E+00 
  1.655846127489463804E+00 
  1.658814390408164252E+00 
  1.662478116994552613E+00 
  1.666776328408848595E+00 
  1.671648045811272798E+00 
  1.677032290362044931E+00 
  1.682868083221386257E+00 
  1.689094445549516488E+00 
  1.695650398506655998E+00 
  1.702474963253025386E+00 
  1.709507160948843696E+00 
  1.716686012754333079E+00 
  1.723950539829712802E+00 
  1.731239763335203241E+00 
  1.738492704431024993E+00 
  1.745648384277397547E+00 
  1.752645824034542166E+00 
  1.759424044862678782E+00 
  1.765922067922027550E+00 
  1.772078914372809066E+00 
  1.777833605375242820E+00 
  1.783125162089550297E+00 
  1.787892605675951208E+00 
  1.792074957294665705E+00 
  1.795611238105914387E+00 
  1.798440469269917408E+00 
  1.800501671946894700E+00 
  1.801733867297067304E+00 
  1.802056227969148994E+00 
  1.800067163441241735E+00 
  1.795225385351668868E+00 
  1.787937552796889928E+00 
  1.778610324873365123E+00 
  1.767650360677553767E+00 
  1.755464319305916288E+00 
  1.742458859854913111E+00 
  1.729040641421002222E+00 
  1.715616323100644491E+00 
  1.702592563990299679E+00 
  1.690376023186427545E+00 
  1.679373359785488740E+00 
  1.669991232883941690E+00 
  1.662636301578246822E+00 
  1.657715224964863898E+00 
  1.655634662140253122E+00 
  1.658354947184083716E+00 
  1.667575653936576030E+00 
  1.681111279217099019E+00 
  1.696708601862190191E+00 
  1.712114400708386830E+00 
  1.725075454592225999E+00 
  1.733338542350247202E+00 
  1.735030776864425084E+00 
  1.733672817889497786E+00 
  1.730892017207011246E+00 
  1.726934967833873902E+00 
  1.722048262786993078E+00 
  1.716478495083276767E+00 
  1.710472257739633406E+00 
  1.704276143772970764E+00 
  1.698136746200197500E+00 
  1.692300658038220718E+00 
  1.687014472303948631E+00 
  1.682524782014289899E+00 
  1.679078180186151625E+00 
  1.676921259836442468E+00 
  1.676310219198939633E+00 
  1.678048932504857538E+00 
  1.682240815894067376E+00 
  1.688476325112263421E+00 
  1.696345915905139279E+00 
  1.705440044018389889E+00 
  1.715349165197709302E+00 
  1.725663735188791570E+00 
  1.735974209737330742E+00 
  1.745871044589020205E+00 
  1.754944695489555784E+00 
  1.762785618184630643E+00 
  1.768984268419939276E+00 
  1.773131101941175292E+00 
  1.774816574494033405E+00 
  1.773311743409019092E+00 
  1.768560295904896273E+00 
  1.761548210179828100E+00 
  1.753269173363900535E+00 
  1.744716872587199763E+00 
  1.736884994979810637E+00 
  1.730767227671820008E+00 
  1.727357257793313172E+00 
  1.727807227944610169E+00 
  1.732953341409515069E+00 
  1.741711701424594416E+00 
  1.752828055715481836E+00 
  1.765048152007811177E+00 
  1.777117738027216731E+00 
  1.787782561499331679E+00 
  1.795788370149791646E+00 
  1.799880911704229813E+00 
  1.792801030663959461E+00 
  1.759327542983276871E+00 
  1.706637028024297953E+00 
  1.643405344603403595E+00 
  1.578308351536985343E+00 
  1.520021907641431858E+00 
  1.477221871733132019E+00 
  1.458584102628474044E+00 
  1.460303773674598293E+00 
  1.466777884803696308E+00 
  1.477377123221917499E+00 
  1.491644411113292046E+00 
  1.509122670661849908E+00 
  1.529354824051623929E+00 
  1.551883793466643624E+00 
  1.576252501090940061E+00 
  1.602003869108543421E+00 
  1.628680819703482774E+00 
  1.655826275059792740E+00 
  1.682983157361501725E+00 
  1.709694388792640574E+00 
  1.735502891537240133E+00 
  1.759951587779329252E+00 
  1.782583399702942328E+00 
  1.802941249492107989E+00 
  1.820568059330856858E+00 
  1.835006751403220004E+00 
  1.845800247893227164E+00 
  1.852491470984910515E+00 
  1.854631789102695327E+00 
  1.854462008939051332E+00 
  1.853994559719428503E+00 
  1.853237250180866935E+00 
  1.852197889060407165E+00 
  1.850884285095089510E+00 
  1.849304247021954728E+00 
  1.847465583578042914E+00 
  1.845376103500394160E+00 
  1.843043615526049450E+00 
  1.840475928392048210E+00 
  1.837680850835431867E+00 
  1.834666191593239848E+00 
  1.831439759402513801E+00 
  1.828009363000292709E+00 
  1.824382811123617554E+00 
  1.820567912509528652E+00 
  1.816572475895066541E+00 
  1.812404310017271536E+00 
  1.808071223613183509E+00 
  1.803581025419843664E+00 
  1.798941524174291429E+00 
  1.794160528613568006E+00 
  1.789245847474713713E+00 
  1.784205289494768421E+00 
  1.779046663410772666E+00 
  1.773777777959766988E+00 
  1.768406441878791480E+00 
  1.762940463904887123E+00 
  1.757387652775093345E+00 
  1.751755817226451351E+00 
  1.746052765996000566E+00 
  1.740286307820782419E+00 
  1.734464251437837445E+00 
  1.728594405584204630E+00 
  1.722684578996925397E+00 
  1.716742580413039621E+00 
  1.710776218569588059E+00 
  1.704793302203611027E+00 
  1.698801640052148620E+00 
  1.692809040852241376E+00 
  1.686823313340929609E+00 
  1.680852266255253857E+00 
  1.674903708332254659E+00 
  1.668985448308971442E+00 
  1.663105294922445632E+00 
  1.657271056909717100E+00 
  1.651490543007825940E+00 
  1.645771561953813578E+00 
  1.640121922484719441E+00 
  1.634549433337584068E+00 
  1.629061903249447996E+00 
  1.623667140957351318E+00 
  1.618372955198335239E+00 
  1.613187154709438964E+00 
  1.608117548227703253E+00 
  1.603171944490168865E+00 
  1.598358152233875895E+00 
  1.593683980195865102E+00 
  1.589157237113175913E+00 
  1.584785731722849533E+00 
  1.580577272761926055E+00 
  1.576539668967445795E+00 
  1.572680729076449513E+00 
  1.569008261825976858E+00 
  1.565530075953069034E+00 
  1.562253980194765690E+00 
  1.559187783288107587E+00 
  1.556339293970134596E+00 
  1.553716320977888143E+00 
  1.551326673048407878E+00 
  1.549178158918733672E+00 
  1.547278587325906951E+00 
  1.545635767006967365E+00 
  1.544257506698955673E+00 
  1.543151615138911970E+00 
  1.542325901063877014E+00 
  1.541788173210890678E+00 
  1.541546240316993499E+00 
  1.542742147015432552E+00 
  1.547764962974010228E+00 
  1.554978667961370853E+00 
  1.562510707252057651E+00 
  1.568488526120618287E+00 
  1.571039569841595984E+00 
  1.569555089150575400E+00 
  1.565226929068709527E+00 
  1.558663918686397309E+00 
  1.550473354280932581E+00 
  1.541262532129612728E+00 
  1.531638748509732029E+00 
  1.522209299698584317E+00 
  1.513581481973468090E+00 
  1.506362591611675628E+00 
  1.501159924890504982E+00 
  1.498580778087249987E+00 
  1.500418195418291578E+00 
  1.509895129602535579E+00 
  1.525656751820124057E+00 
  1.546047017793492406E+00 
  1.569409883245082016E+00 
  1.594089303897335608E+00 
  1.618429235472686134E+00 
  1.640773633693579203E+00 
  1.659466454282447989E+00 
  1.672851652961735658E+00 
  1.679273185453881823E+00 
  1.678683460245956161E+00 
  1.674682538998746528E+00 
  1.667909837800416462E+00 
  1.658810265150341356E+00 
  1.647828729547901272E+00 
  1.635410139492472492E+00 
  1.621999403483430413E+00 
  1.608041430020155760E+00 
  1.593981127602022374E+00 
  1.580263404728411647E+00 
  1.567333169898698753E+00 
  1.555635331612259753E+00 
  1.545614798368474929E+00 
  1.537716478666718789E+00 
  1.532385281006371613E+00 
  1.530066113886808576E+00 
  1.541411839125915506E+00 
  1.578786658709109947E+00 
  1.627854304441568534E+00 
  1.673623973567818890E+00 
  1.701104863332412176E+00 
  1.703198004818163191E+00 
  1.700760765902550320E+00 
  1.696297945617533331E+00 
  1.689937220065817813E+00 
  1.681806265350107354E+00 
  1.672032757573105100E+00 
  1.660744372837517524E+00 
  1.648068787246046218E+00 
  1.634133676901398990E+00 
  1.619066717906278319E+00 
  1.602995586363385794E+00 
  1.586047958375431000E+00 
  1.568351510045112862E+00 
  1.550033917475140965E+00 
  1.531222856768216678E+00 
  1.512046004027042256E+00 
  1.492631035354327063E+00 
  1.473105626852769801E+00 
  1.453597454625080276E+00 
  1.434234194773960303E+00 
  1.415143523402111247E+00 
  1.396453116612242695E+00 
  1.378290650507053794E+00 
  1.360783801189253905E+00 
  1.344060244761545064E+00 
  1.328247657326628861E+00 
  1.313473714987214436E+00 
  1.299866093846001824E+00 
  1.287552470005698835E+00 
  1.276660519569008168E+00 
  1.267317918638632523E+00 
  1.259652343317279266E+00 
  1.253791469707650208E+00 
  1.249862973912451380E+00 
  1.247994532034386150E+00 
  1.248662218164008353E+00 
  1.253059053240296095E+00 
  1.261036221824967329E+00 
  1.272326135464478369E+00 
  1.286661205705289079E+00 
  1.303773844093860879E+00 
  1.323396462176647193E+00 
  1.345261471500112771E+00 
  1.369101283610709707E+00 
  1.394648310054899865E+00 
  1.421634962379146216E+00 
  1.449793652129899080E+00 
  1.478856790853626091E+00 
  1.508556790096776901E+00 
  1.538626061405814927E+00 
  1.568797016327202698E+00 
  1.598802066407390754E+00 
  1.628373623192845843E+00 
  1.657244098230018947E+00 
  1.685145903065372375E+00 
  1.711811449245369099E+00 
  1.736973148316459881E+00 
  1.760363411825111024E+00 
  1.781714651317773956E+00 
  1.800759278340911429E+00 
  1.817229704440984195E+00 
  1.830858341164445902E+00 
  1.841377600057759967E+00 
  1.848519892667381370E+00 
  1.852017630539770199E+00 
  1.851939996369225128E+00 
  1.849660196109428556E+00 
  1.845644980758771592E+00 
  1.840227443424906184E+00 
  1.833740677215482506E+00 
  1.826517775238149843E+00 
  1.818891830600561033E+00 
  1.811195936410364471E+00 
  1.803763185775212996E+00 
  1.796926671802756115E+00 
  1.791019487600643778E+00 
  1.786374726276527936E+00 
  1.783325480938057872E+00 
  1.782204844692885537E+00 
  1.788350300379577540E+00 
  1.805525540025869180E+00 
  1.831028911491956457E+00 
  1.862156475875314632E+00 
  1.896204294273402535E+00 
  1.930468427783692764E+00 
  1.962244937503658138E+00 
  1.988829884530757708E+00 
  2.007519329962466959E+00 
  2.015609334896247606E+00 
  2.013635801211295817E+00 
  2.006605821374443099E+00 
  1.995835124402450589E+00 
  1.982566473463136081E+00 
  1.968042631724324476E+00 
  1.953506362353834236E+00 
  1.940200428519485376E+00 
  1.929367593389101687E+00 
  1.922250620130501853E+00 
  1.920065570959536672E+00 
  1.921502797310156607E+00 
  1.925092051023949313E+00 
  1.930609744842402664E+00 
  1.937832291507006532E+00 
  1.946536103759247238E+00 
  1.956497594340615098E+00 
  1.967493175992599319E+00 
  1.979299261456685999E+00 
  1.991692263474367008E+00 
  2.004448594787127558E+00 
  2.017344668136457297E+00 
  2.030156896263846988E+00 
  2.042661691910781840E+00 
  2.054635467818753725E+00 
  2.065854636729248295E+00 
  2.076095611383754758E+00 
  2.085134804523764096E+00 
  2.092748628890761964E+00 
  2.098713497226238900E+00 
  2.102805822271681890E+00 
  2.104802016768580142E+00 
  2.104458238133303460E+00 
  2.101650153351408701E+00 
  2.096531338835855962E+00 
  2.089271327215675100E+00 
  2.080039651119893307E+00 
  2.069005843177537773E+00 
  2.056339436017639688E+00 
  2.042209962269224910E+00 
  2.026786954561324627E+00 
  2.010239945522966032E+00 
  1.992738467783174983E+00 
  1.974452053970984666E+00 
  1.955550236715418500E+00 
  1.936202548645509891E+00 
  1.916578522390285366E+00 
  1.896847690578769896E+00 
  1.877179585839997777E+00 
  1.857743740802991983E+00 
  1.838709688096786365E+00 
  1.820246960350406340E+00 
  1.802525090192878210E+00 
  1.785713610253235606E+00 
  1.769982053160501501E+00 
  1.755499951543709081E+00 
  1.742436838031884649E+00 
  1.730962245254055620E+00 
  1.721245705839252738E+00 
  1.713456752416501860E+00 
  1.707764917614833733E+00 
  1.704339734063276213E+00 
  1.703352360731426263E+00 
  1.705050139681276944E+00 
  1.709358594887860239E+00 
  1.716043479939624250E+00 
  1.724870548425018857E+00 
  1.735605553932495049E+00 
  1.748014250050498930E+00 
  1.761862390367483711E+00 
  1.776915728471894385E+00 
  1.792940017952182608E+00 
  1.809701012396799813E+00 
  1.826964465394190995E+00 
  1.844496130532810030E+00 
  1.862061761401101689E+00 
  1.879427111587517185E+00 
  1.896357934680508839E+00 
  1.912619984268520756E+00 
  1.927979013940007258E+00 
  1.942200777283413116E+00 
  1.955051027887189763E+00 
  1.966295519339788855E+00 
  1.975700005229655609E+00 
  1.983030239145242346E+00 
  1.988051974674996281E+00 
  1.990530965407368624E+00 
  1.990172773589761412E+00 
  1.986754487521331658E+00 
  1.980605469212215475E+00 
  1.972098006629788625E+00 
  1.961604387741423983E+00 
  1.949496900514492870E+00 
  1.936147832916372380E+00 
  1.921929472914432502E+00 
  1.907214108476051218E+00 
  1.892374027568599626E+00 
  1.877781518159449270E+00 
  1.863808868215978132E+00 
  1.850828365705555756E+00 
  1.839212298595559236E+00 
  1.829332954853360782E+00 
  1.821562622446332380E+00 
  1.816273589341850014E+00 
  1.813838143507286116E+00 
  1.813937649744543856E+00 
  1.814862235355403142E+00 
  1.816345990484288908E+00 
  1.818210835666860703E+00 
  1.820278691438780072E+00 
  1.822371478335706563E+00 
  1.824311116893300833E+00 
  1.825919527647224427E+00 
  1.827018631133136450E+00 
  1.827430347886698225E+00 
  1.827127828809999022E+00 
  1.826239859427742918E+00 
  1.824814894808036270E+00 
  1.822901378364271130E+00 
  1.820547753509839106E+00 
  1.817802463658133139E+00 
  1.814713952222544835E+00 
  1.811330662616465803E+00 
  1.807701038253288539E+00 
  1.803873522546404207E+00 
  1.799896558909206412E+00 
  1.795818590755086097E+00 
  1.791688061497435092E+00 
  1.787553414549646114E+00 
  1.783463093325110105E+00 
  1.779465541237220672E+00 
  1.775609201699368755E+00 
  1.771942518124946186E+00 
  1.768513933927345905E+00 
  1.765371892519958852E+00 
  1.762564837316178190E+00 
  1.760141211729395083E+00 
  1.758149459173001805E+00 
  1.756638023060390408E+00 
  1.755655346804952721E+00 
  1.755249873820081241E+00 
  1.758011921543661149E+00 
  1.767948087023330173E+00 
  1.784117996095184955E+00 
  1.805484420208117058E+00 
  1.831010130811007608E+00 
  1.859657899352747057E+00 
  1.890390497282227189E+00 
  1.922170696048326688E+00 
  1.953961267099942223E+00 
  1.984724981885951145E+00 
  2.013424611855247015E+00 
  2.039022928456718731E+00 
  2.060482703139248084E+00 
  2.076766707351727970E+00 
  2.086837712543040624E+00 
  2.089696546400849009E+00 
  2.087030343748965677E+00 
  2.080513634242525001E+00 
  2.070564269954727532E+00 
  2.057600102958777821E+00 
  2.042038985327877754E+00 
  2.024298769135226106E+00 
  2.004797306454029648E+00 
  1.983952449357485825E+00 
  1.962182049918802518E+00 
  1.939903960211178058E+00 
  1.917536032307812333E+00 
  1.895496118281913223E+00 
  1.874202070206677284E+00 
  1.854071740155311954E+00 
  1.835522980201016674E+00 
  1.818973642416991110E+00 
  1.804841578876442254E+00 
  1.793544641652567773E+00 
  1.785500682818573770E+00 
  1.781127554447660133E+00 
  1.781014669923898008E+00 
  1.786368620533824503E+00 
  1.796260341393688176E+00 
  1.809364936080146702E+00 
  1.824357508169863307E+00 
  1.839913161239500994E+00 
  1.854706998865716772E+00 
  1.867414124625175420E+00 
  1.876709642094534614E+00 
  1.881268654850457800E+00 
  1.881030909680230456E+00 
  1.878816497422652665E+00 
  1.874936677666307450E+00 
  1.869530582198895452E+00 
  1.862737342808116647E+00 
  1.854696091281669235E+00 
  1.845545959407255188E+00 
  1.835426078972571817E+00 
  1.824475581765321985E+00 
  1.812833599573204335E+00 
  1.800639264183916399E+00 
  1.788031707385161706E+00 
  1.775150060964636678E+00 
  1.762133456710044399E+00 
  1.749121026409083512E+00 
  1.736251901849451329E+00 
  1.723665214818851821E+00 
  1.711500097104980966E+00 
  1.699895680495541850E+00 
  1.688991096778233114E+00 
  1.678925477740752958E+00 
  1.669837955170803800E+00 
  1.661867660856083173E+00 
  1.655153726584293050E+00 
  1.649835284143132075E+00 
  1.646051465320299556E+00 
  1.643941401903496802E+00 
  1.644443109559467375E+00 
  1.656522005699336164E+00 
  1.679652170230823138E+00 
  1.710009634852335481E+00 
  1.743770431262265719E+00 
  1.777110591159025033E+00 
  1.806206146241005728E+00 
  1.827233128206614543E+00 
  1.836367568754253998E+00 
  1.835725900711485892E+00 
  1.833305218259660974E+00 
  1.829676604166160292E+00 
  1.825310986946257374E+00 
  1.820679295115223972E+00 
  1.816252457188335168E+00 
  1.812501401680863156E+00 
  1.809897057108081686E+00 
  1.808910351985264064E+00 
  1.809643943407377886E+00 
  1.811763030083396675E+00 
  1.815098315914876803E+00 
  1.819480531708295379E+00 
  1.824740408270129288E+00 
  1.830708676406857194E+00 
  1.837216066924954427E+00 
  1.844093310630900096E+00 
  1.851171138331169308E+00 
  1.858280280832240061E+00 
  1.865251468940590573E+00 
  1.871915433462696621E+00 
