   763 
  0.000000000000000000E+00 
  1.000000000000014211E-01 
  1.999999999999957367E-01 
  2.999999999999971578E-01 
  3.999999999999985789E-01 
  5.000000000000000000E-01 
  6.000000000000014211E-01 
  6.999999999999957367E-01 
  7.999999999999971578E-01 
  8.999999999999985789E-01 
  1.000000000000000000E+00 
  1.100000000000001421E+00 
  1.199999999999995737E+00 
  1.299999999999997158E+00 
  1.399999999999998579E+00 
  1.500000000000000000E+00 
  1.600000000000001421E+00 
  1.699999999999995737E+00 
  1.799999999999997158E+00 
  1.899999999999998579E+00 
  2.000000000000000000E+00 
  2.100000000000001421E+00 
  2.199999999999995737E+00 
  2.299999999999997158E+00 
  2.399999999999998579E+00 
  2.500000000000000000E+00 
  2.600000000000001421E+00 
  2.699999999999995737E+00 
  2.799999999999997158E+00 
  2.899999999999998579E+00 
  3.000000000000000000E+00 
  3.100000000000001421E+00 
  3.199999999999995737E+00 
  3.299999999999997158E+00 
  3.399999999999998579E+00 
  3.500000000000000000E+00 
  3.600000000000001421E+00 
  3.699999999999995737E+00 
  3.799999999999997158E+00 
  3.899999999999998579E+00 
  4.000000000000000000E+00 
  4.100000000000001421E+00 
  4.199999999999995737E+00 
  4.299999999999997158E+00 
  4.399999999999998579E+00 
  4.500000000000000000E+00 
  4.600000000000001421E+00 
  4.699999999999995737E+00 
  4.799999999999997158E+00 
  4.899999999999998579E+00 
  4.999999999999992895E+00 
  5.099999999999994316E+00 
  5.199999999999995737E+00 
  5.299999999999997158E+00 
  5.399999999999998579E+00 
  5.499999999999992895E+00 
  5.599999999999994316E+00 
  5.699999999999995737E+00 
  5.799999999999997158E+00 
  5.899999999999998579E+00 
  5.999999999999992895E+00 
  6.099999999999994316E+00 
  6.199999999999995737E+00 
  6.299999999999997158E+00 
  6.399999999999998579E+00 
  6.499999999999992895E+00 
  6.599999999999994316E+00 
  6.699999999999995737E+00 
  6.799999999999997158E+00 
  6.899999999999998579E+00 
  7.000000000000000000E+00 
  7.099999999999994316E+00 
  7.199999999999995737E+00 
  7.299999999999997158E+00 
  7.399999999999998579E+00 
  7.500000000000000000E+00 
  7.599999999999994316E+00 
  7.699999999999995737E+00 
  7.799999999999997158E+00 
  7.899999999999998579E+00 
  8.000000000000000000E+00 
  8.099999999999994316E+00 
  8.199999999999995737E+00 
  8.299999999999997158E+00 
  8.399999999999998579E+00 
  8.500000000000000000E+00 
  8.599999999999994316E+00 
  8.699999999999995737E+00 
  8.799999999999997158E+00 
  8.899999999999998579E+00 
  9.000000000000000000E+00 
  9.099999999999994316E+00 
  9.199999999999995737E+00 
  9.299999999999997158E+00 
  9.399999999999998579E+00 
  9.500000000000000000E+00 
  9.599999999999994316E+00 
  9.699999999999995737E+00 
  9.799999999999997158E+00 
  9.899999999999998579E+00 
  1.000000000000000000E+01 
  1.009999999999999432E+01 
  1.019999999999999574E+01 
  1.029999999999999716E+01 
  1.039999999999999858E+01 
  1.050000000000000000E+01 
  1.059999999999999432E+01 
  1.069999999999999574E+01 
  1.079999999999999716E+01 
  1.089999999999999858E+01 
  1.100000000000000000E+01 
  1.109999999999999432E+01 
  1.119999999999999574E+01 
  1.129999999999999716E+01 
  1.139999999999999858E+01 
  1.150000000000000000E+01 
  1.159999999999999432E+01 
  1.169999999999999574E+01 
  1.179999999999999716E+01 
  1.189999999999999858E+01 
  1.200000000000000000E+01 
  1.209999999999999432E+01 
  1.219999999999999574E+01 
  1.229999999999999716E+01 
  1.239999999999999858E+01 
  1.250000000000000000E+01 
  1.259999999999999432E+01 
  1.269999999999999574E+01 
  1.279999999999999716E+01 
  1.289999999999999858E+01 
  1.300000000000000000E+01 
  1.309999999999999432E+01 
  1.319999999999999574E+01 
  1.329999999999999716E+01 
  1.339999999999999858E+01 
  1.350000000000000000E+01 
  1.359999999999999432E+01 
  1.369999999999999574E+01 
  1.379999999999999716E+01 
  1.389999999999999858E+01 
  1.400000000000000000E+01 
  1.409999999999999432E+01 
  1.419999999999999574E+01 
  1.429999999999999716E+01 
  1.439999999999999858E+01 
  1.450000000000000000E+01 
  1.459999999999999432E+01 
  1.469999999999999574E+01 
  1.479999999999999716E+01 
  1.489999999999999858E+01 
  1.500000000000000000E+01 
  1.509999999999999432E+01 
  1.519999999999999574E+01 
  1.529999999999999716E+01 
  1.539999999999999858E+01 
  1.550000000000000000E+01 
  1.559999999999999432E+01 
  1.569999999999999574E+01 
  1.579999999999999716E+01 
  1.589999999999999858E+01 
  1.600000000000000000E+01 
  1.609999999999999432E+01 
  1.619999999999999574E+01 
  1.629999999999999716E+01 
  1.639999999999999858E+01 
  1.650000000000000000E+01 
  1.659999999999999432E+01 
  1.669999999999999574E+01 
  1.679999999999999716E+01 
  1.689999999999999858E+01 
  1.700000000000000000E+01 
  1.709999999999999432E+01 
  1.719999999999999574E+01 
  1.729999999999999716E+01 
  1.739999999999999858E+01 
  1.750000000000000000E+01 
  1.759999999999999432E+01 
  1.769999999999999574E+01 
  1.779999999999999716E+01 
  1.789999999999999858E+01 
  1.800000000000000000E+01 
  1.809999999999999432E+01 
  1.819999999999999574E+01 
  1.829999999999999716E+01 
  1.839999999999999858E+01 
  1.850000000000000000E+01 
  1.859999999999999432E+01 
  1.869999999999999574E+01 
  1.879999999999999716E+01 
  1.889999999999999858E+01 
  1.900000000000000000E+01 
  1.909999999999999432E+01 
  1.919999999999999574E+01 
  1.929999999999999716E+01 
  1.939999999999999858E+01 
  1.950000000000000000E+01 
  1.959999999999999432E+01 
  1.969999999999999574E+01 
  1.979999999999999716E+01 
  1.989999999999999858E+01 
  2.000000000000000000E+01 
  2.009999999999999432E+01 
  2.019999999999999574E+01 
  2.029999999999999716E+01 
  2.039999999999999858E+01 
  2.050000000000000000E+01 
  2.059999999999999432E+01 
  2.069999999999999574E+01 
  2.079999999999999716E+01 
  2.089999999999999858E+01 
  2.100000000000000000E+01 
  2.109999999999999432E+01 
  2.119999999999999574E+01 
  2.129999999999999716E+01 
  2.139999999999999858E+01 
  2.150000000000000000E+01 
  2.159999999999999432E+01 
  2.169999999999999574E+01 
  2.179999999999999716E+01 
  2.189999999999999858E+01 
  2.200000000000000000E+01 
  2.209999999999999432E+01 
  2.219999999999999574E+01 
  2.229999999999999716E+01 
  2.239999999999999858E+01 
  2.250000000000000000E+01 
  2.259999999999999432E+01 
  2.269999999999999574E+01 
  2.279999999999999716E+01 
  2.289999999999999858E+01 
  2.300000000000000000E+01 
  2.309999999999999432E+01 
  2.319999999999999574E+01 
  2.329999999999999716E+01 
  2.339999999999999858E+01 
  2.350000000000000000E+01 
  2.359999999999999432E+01 
  2.369999999999999574E+01 
  2.379999999999999716E+01 
  2.389999999999999858E+01 
  2.400000000000000000E+01 
  2.409999999999999432E+01 
  2.419999999999999574E+01 
  2.429999999999999716E+01 
  2.439999999999999858E+01 
  2.450000000000000000E+01 
  2.459999999999999432E+01 
  2.469999999999999574E+01 
  2.479999999999999716E+01 
  2.489999999999999858E+01 
  2.500000000000000000E+01 
  2.509999999999999432E+01 
  2.519999999999999574E+01 
  2.529999999999999716E+01 
  2.539999999999999858E+01 
  2.550000000000000000E+01 
  2.559999999999999432E+01 
  2.569999999999999574E+01 
  2.579999999999999716E+01 
  2.589999999999999858E+01 
  2.600000000000000000E+01 
  2.609999999999999432E+01 
  2.619999999999999574E+01 
  2.629999999999999716E+01 
  2.639999999999999858E+01 
  2.650000000000000000E+01 
  2.659999999999999432E+01 
  2.669999999999999574E+01 
  2.679999999999999716E+01 
  2.689999999999999858E+01 
  2.700000000000000000E+01 
  2.709999999999999432E+01 
  2.719999999999999574E+01 
  2.729999999999999716E+01 
  2.739999999999999858E+01 
  2.750000000000000000E+01 
  2.759999999999999432E+01 
  2.769999999999999574E+01 
  2.779999999999999716E+01 
  2.789999999999999858E+01 
  2.800000000000000000E+01 
  2.809999999999999432E+01 
  2.819999999999999574E+01 
  2.829999999999999716E+01 
  2.839999999999999858E+01 
  2.850000000000000000E+01 
  2.859999999999999432E+01 
  2.869999999999999574E+01 
  2.879999999999999716E+01 
  2.889999999999999858E+01 
  2.900000000000000000E+01 
  2.909999999999999432E+01 
  2.919999999999999574E+01 
  2.929999999999999716E+01 
  2.939999999999999858E+01 
  2.950000000000000000E+01 
  2.959999999999999432E+01 
  2.969999999999999574E+01 
  2.979999999999999716E+01 
  2.989999999999999858E+01 
  3.000000000000000000E+01 
  3.009999999999999432E+01 
  3.019999999999999574E+01 
  3.029999999999999716E+01 
  3.039999999999999858E+01 
  3.050000000000000000E+01 
  3.059999999999999432E+01 
  3.069999999999999574E+01 
  3.079999999999999716E+01 
  3.089999999999999858E+01 
  3.100000000000000000E+01 
  3.109999999999999432E+01 
  3.119999999999999574E+01 
  3.129999999999999716E+01 
  3.139999999999999858E+01 
  3.150000000000000000E+01 
  3.159999999999999432E+01 
  3.169999999999999574E+01 
  3.179999999999999716E+01 
  3.189999999999999858E+01 
  3.200000000000000000E+01 
  3.209999999999999432E+01 
  3.219999999999999574E+01 
  3.229999999999999716E+01 
  3.239999999999999858E+01 
  3.250000000000000000E+01 
  3.259999999999999432E+01 
  3.269999999999999574E+01 
  3.279999999999999716E+01 
  3.289999999999999858E+01 
  3.300000000000000000E+01 
  3.309999999999999432E+01 
  3.319999999999999574E+01 
  3.329999999999999716E+01 
  3.339999999999999858E+01 
  3.350000000000000000E+01 
  3.359999999999999432E+01 
  3.369999999999999574E+01 
  3.379999999999999716E+01 
  3.389999999999999858E+01 
  3.400000000000000000E+01 
  3.409999999999999432E+01 
  3.419999999999999574E+01 
  3.429999999999999716E+01 
  3.439999999999999858E+01 
  3.450000000000000000E+01 
  3.459999999999999432E+01 
  3.469999999999999574E+01 
  3.479999999999999716E+01 
  3.489999999999999858E+01 
  3.500000000000000000E+01 
  3.509999999999999432E+01 
  3.519999999999999574E+01 
  3.529999999999999716E+01 
  3.539999999999999858E+01 
  3.550000000000000000E+01 
  3.559999999999999432E+01 
  3.569999999999999574E+01 
  3.579999999999999716E+01 
  3.589999999999999858E+01 
  3.600000000000000000E+01 
  3.609999999999999432E+01 
  3.619999999999999574E+01 
  3.629999999999999716E+01 
  3.639999999999999858E+01 
  3.650000000000000000E+01 
  3.659999999999999432E+01 
  3.669999999999999574E+01 
  3.679999999999999005E+01 
  3.689999999999999858E+01 
  3.699999999999999289E+01 
  3.710000000000000142E+01 
  3.719999999999999574E+01 
  3.729999999999999005E+01 
  3.739999999999999858E+01 
  3.749999999999999289E+01 
  3.760000000000000142E+01 
  3.769999999999999574E+01 
  3.779999999999999005E+01 
  3.789999999999999858E+01 
  3.799999999999999289E+01 
  3.810000000000000142E+01 
  3.819999999999999574E+01 
  3.829999999999999005E+01 
  3.839999999999999858E+01 
  3.849999999999999289E+01 
  3.860000000000000142E+01 
  3.869999999999999574E+01 
  3.879999999999999005E+01 
  3.889999999999999858E+01 
  3.899999999999999289E+01 
  3.910000000000000142E+01 
  3.919999999999999574E+01 
  3.929999999999999005E+01 
  3.939999999999999858E+01 
  3.949999999999999289E+01 
  3.960000000000000142E+01 
  3.969999999999999574E+01 
  3.979999999999999005E+01 
  3.989999999999999858E+01 
  3.999999999999999289E+01 
  4.010000000000000142E+01 
  4.019999999999999574E+01 
  4.029999999999999005E+01 
  4.039999999999999858E+01 
  4.049999999999999289E+01 
  4.060000000000000142E+01 
  4.069999999999999574E+01 
  4.079999999999999005E+01 
  4.089999999999999858E+01 
  4.099999999999999289E+01 
  4.110000000000000142E+01 
  4.119999999999999574E+01 
  4.130000000000000426E+01 
  4.139999999999999858E+01 
  4.149999999999999289E+01 
  4.160000000000000142E+01 
  4.169999999999999574E+01 
  4.180000000000000426E+01 
  4.189999999999999858E+01 
  4.199999999999999289E+01 
  4.210000000000000142E+01 
  4.219999999999999574E+01 
  4.230000000000000426E+01 
  4.239999999999999858E+01 
  4.249999999999999289E+01 
  4.260000000000000142E+01 
  4.269999999999999574E+01 
  4.280000000000000426E+01 
  4.289999999999999858E+01 
  4.299999999999999289E+01 
  4.310000000000000142E+01 
  4.319999999999999574E+01 
  4.330000000000000426E+01 
  4.339999999999999858E+01 
  4.349999999999999289E+01 
  4.360000000000000142E+01 
  4.369999999999999574E+01 
  4.380000000000000426E+01 
  4.389999999999999858E+01 
  4.399999999999999289E+01 
  4.410000000000000142E+01 
  4.419999999999999574E+01 
  4.430000000000000426E+01 
  4.439999999999999858E+01 
  4.449999999999999289E+01 
  4.460000000000000142E+01 
  4.469999999999999574E+01 
  4.480000000000000426E+01 
  4.489999999999999858E+01 
  4.499999999999999289E+01 
  4.510000000000000142E+01 
  4.519999999999999574E+01 
  4.530000000000000426E+01 
  4.539999999999999858E+01 
  4.549999999999999289E+01 
  4.560000000000000142E+01 
  4.569999999999999574E+01 
  4.580000000000000426E+01 
  4.589999999999999858E+01 
  4.599999999999999289E+01 
  4.610000000000000142E+01 
  4.619999999999999574E+01 
  4.630000000000000426E+01 
  4.639999999999999858E+01 
  4.649999999999999289E+01 
  4.660000000000000142E+01 
  4.669999999999999574E+01 
  4.680000000000000426E+01 
  4.689999999999999858E+01 
  4.699999999999999289E+01 
  4.710000000000000142E+01 
  4.719999999999999574E+01 
  4.730000000000000426E+01 
  4.739999999999999858E+01 
  4.749999999999999289E+01 
  4.760000000000000142E+01 
  4.769999999999999574E+01 
  4.780000000000000426E+01 
  4.789999999999999858E+01 
  4.799999999999999289E+01 
  4.810000000000000142E+01 
  4.819999999999999574E+01 
  4.830000000000000426E+01 
  4.839999999999999858E+01 
  4.849999999999999289E+01 
  4.860000000000000142E+01 
  4.869999999999999574E+01 
  4.880000000000000426E+01 
  4.889999999999999858E+01 
  4.899999999999999289E+01 
  4.910000000000000142E+01 
  4.919999999999999574E+01 
  4.930000000000000426E+01 
  4.939999999999999858E+01 
  4.949999999999999289E+01 
  4.960000000000000142E+01 
  4.969999999999999574E+01 
  4.980000000000000426E+01 
  4.989999999999999858E+01 
  4.999999999999999289E+01 
  5.010000000000000142E+01 
  5.019999999999999574E+01 
  5.030000000000000426E+01 
  5.039999999999999858E+01 
  5.049999999999999289E+01 
  5.060000000000000142E+01 
  5.069999999999999574E+01 
  5.080000000000000426E+01 
  5.089999999999999858E+01 
  5.099999999999999289E+01 
  5.110000000000000142E+01 
  5.119999999999999574E+01 
  5.130000000000000426E+01 
  5.139999999999999858E+01 
  5.149999999999999289E+01 
  5.160000000000000142E+01 
  5.169999999999999574E+01 
  5.180000000000000426E+01 
  5.189999999999999858E+01 
  5.199999999999999289E+01 
  5.210000000000000142E+01 
  5.219999999999999574E+01 
  5.230000000000000426E+01 
  5.239999999999999858E+01 
  5.249999999999999289E+01 
  5.260000000000000142E+01 
  5.269999999999999574E+01 
  5.280000000000000426E+01 
  5.289999999999999858E+01 
  5.299999999999999289E+01 
  5.310000000000000142E+01 
  5.319999999999999574E+01 
  5.330000000000000426E+01 
  5.339999999999999858E+01 
  5.349999999999999289E+01 
  5.360000000000000142E+01 
  5.369999999999999574E+01 
  5.380000000000000426E+01 
  5.389999999999999858E+01 
  5.399999999999999289E+01 
  5.410000000000000142E+01 
  5.419999999999999574E+01 
  5.430000000000000426E+01 
  5.439999999999999858E+01 
  5.449999999999999289E+01 
  5.460000000000000142E+01 
  5.469999999999999574E+01 
  5.480000000000000426E+01 
  5.489999999999999858E+01 
  5.499999999999999289E+01 
  5.510000000000000142E+01 
  5.519999999999999574E+01 
  5.530000000000000426E+01 
  5.539999999999999858E+01 
  5.549999999999999289E+01 
  5.560000000000000142E+01 
  5.569999999999999574E+01 
  5.580000000000000426E+01 
  5.589999999999999858E+01 
  5.599999999999999289E+01 
  5.610000000000000142E+01 
  5.619999999999999574E+01 
  5.630000000000000426E+01 
  5.639999999999999858E+01 
  5.649999999999999289E+01 
  5.660000000000000142E+01 
  5.669999999999999574E+01 
  5.680000000000000426E+01 
  5.689999999999999858E+01 
  5.699999999999999289E+01 
  5.710000000000000142E+01 
  5.719999999999999574E+01 
  5.730000000000000426E+01 
  5.739999999999999858E+01 
  5.749999999999999289E+01 
  5.760000000000000142E+01 
  5.769999999999999574E+01 
  5.780000000000000426E+01 
  5.789999999999999858E+01 
  5.799999999999999289E+01 
  5.810000000000000142E+01 
  5.819999999999999574E+01 
  5.830000000000000426E+01 
  5.839999999999999858E+01 
  5.849999999999999289E+01 
  5.860000000000000142E+01 
  5.869999999999999574E+01 
  5.880000000000000426E+01 
  5.889999999999999858E+01 
  5.899999999999999289E+01 
  5.910000000000000142E+01 
  5.919999999999999574E+01 
  5.930000000000000426E+01 
  5.939999999999999858E+01 
  5.949999999999999289E+01 
  5.960000000000000142E+01 
  5.969999999999999574E+01 
  5.980000000000000426E+01 
  5.989999999999999858E+01 
  5.999999999999999289E+01 
  6.010000000000000142E+01 
  6.019999999999999574E+01 
  6.030000000000000426E+01 
  6.039999999999999858E+01 
  6.049999999999999289E+01 
  6.060000000000000142E+01 
  6.069999999999999574E+01 
  6.080000000000000426E+01 
  6.089999999999999858E+01 
  6.099999999999999289E+01 
  6.110000000000000142E+01 
  6.119999999999999574E+01 
  6.130000000000000426E+01 
  6.139999999999999858E+01 
  6.149999999999999289E+01 
  6.160000000000000142E+01 
  6.169999999999999574E+01 
  6.180000000000000426E+01 
  6.189999999999999858E+01 
  6.199999999999999289E+01 
  6.210000000000000142E+01 
  6.219999999999999574E+01 
  6.230000000000000426E+01 
  6.239999999999999858E+01 
  6.249999999999999289E+01 
  6.260000000000000142E+01 
  6.269999999999999574E+01 
  6.280000000000000426E+01 
  6.289999999999999858E+01 
  6.299999999999999289E+01 
  6.310000000000000142E+01 
  6.319999999999999574E+01 
  6.330000000000000426E+01 
  6.339999999999999858E+01 
  6.349999999999999289E+01 
  6.360000000000000142E+01 
  6.369999999999999574E+01 
  6.380000000000000426E+01 
  6.389999999999999858E+01 
  6.399999999999999289E+01 
  6.409999999999999432E+01 
  6.419999999999998863E+01 
  6.430000000000001137E+01 
  6.440000000000000568E+01 
  6.450000000000000000E+01 
  6.459999999999999432E+01 
  6.469999999999998863E+01 
  6.480000000000001137E+01 
  6.490000000000000568E+01 
  6.500000000000000000E+01 
  6.509999999999999432E+01 
  6.519999999999998863E+01 
  6.530000000000001137E+01 
  6.540000000000000568E+01 
  6.550000000000000000E+01 
  6.559999999999999432E+01 
  6.569999999999998863E+01 
  6.580000000000001137E+01 
  6.590000000000000568E+01 
  6.600000000000000000E+01 
  6.609999999999999432E+01 
  6.619999999999998863E+01 
  6.630000000000001137E+01 
  6.640000000000000568E+01 
  6.650000000000000000E+01 
  6.659999999999999432E+01 
  6.669999999999998863E+01 
  6.680000000000001137E+01 
  6.690000000000000568E+01 
  6.700000000000000000E+01 
  6.709999999999999432E+01 
  6.719999999999998863E+01 
  6.730000000000001137E+01 
  6.740000000000000568E+01 
  6.750000000000000000E+01 
  6.759999999999999432E+01 
  6.769999999999998863E+01 
  6.780000000000001137E+01 
  6.790000000000000568E+01 
  6.800000000000000000E+01 
  6.809999999999999432E+01 
  6.819999999999998863E+01 
  6.830000000000001137E+01 
  6.840000000000000568E+01 
  6.850000000000000000E+01 
  6.859999999999999432E+01 
  6.869999999999998863E+01 
  6.880000000000001137E+01 
  6.890000000000000568E+01 
  6.900000000000000000E+01 
  6.909999999999999432E+01 
  6.919999999999998863E+01 
  6.930000000000001137E+01 
  6.940000000000000568E+01 
  6.950000000000000000E+01 
  6.959999999999999432E+01 
  6.969999999999998863E+01 
  6.980000000000001137E+01 
  6.990000000000000568E+01 
  7.000000000000000000E+01 
  7.009999999999999432E+01 
  7.019999999999998863E+01 
  7.030000000000001137E+01 
  7.040000000000000568E+01 
  7.050000000000000000E+01 
  7.059999999999999432E+01 
  7.069999999999998863E+01 
  7.080000000000001137E+01 
  7.090000000000000568E+01 
  7.100000000000000000E+01 
  7.109999999999999432E+01 
  7.119999999999998863E+01 
  7.130000000000001137E+01 
  7.140000000000000568E+01 
  7.150000000000000000E+01 
  7.159999999999999432E+01 
  7.169999999999998863E+01 
  7.180000000000001137E+01 
  7.190000000000000568E+01 
  7.200000000000000000E+01 
  7.209999999999999432E+01 
  7.219999999999998863E+01 
  7.230000000000001137E+01 
  7.240000000000000568E+01 
  7.250000000000000000E+01 
  7.259999999999999432E+01 
  7.269999999999998863E+01 
  7.280000000000001137E+01 
  7.290000000000000568E+01 
  7.300000000000000000E+01 
  7.309999999999999432E+01 
  7.319999999999998863E+01 
  7.330000000000001137E+01 
  7.340000000000000568E+01 
  7.350000000000000000E+01 
  7.359999999999999432E+01 
  7.369999999999998863E+01 
  7.380000000000001137E+01 
  7.390000000000000568E+01 
  7.400000000000000000E+01 
  7.409999999999999432E+01 
  7.419999999999998863E+01 
  7.430000000000001137E+01 
  7.440000000000000568E+01 
  7.450000000000000000E+01 
  7.459999999999999432E+01 
  7.469999999999998863E+01 
  7.480000000000001137E+01 
  7.490000000000000568E+01 
  7.500000000000000000E+01 
  7.509999999999999432E+01 
  7.519999999999998863E+01 
  7.530000000000001137E+01 
  7.540000000000000568E+01 
  7.550000000000000000E+01 
  7.559999999999999432E+01 
  7.569999999999998863E+01 
  7.580000000000001137E+01 
  7.590000000000000568E+01 
  7.600000000000000000E+01 
  7.609999999999999432E+01 
  7.619999999999998863E+01 
