   632 
  8.646762847900390625E+01 
  8.646762847900390625E+01 
  8.647914748733705892E+01 
  8.833201091855093523E+01 
  9.251147875394190123E+01 
  9.780892532900593039E+01 
  1.030157249792291481E+02 
  1.069232520401087356E+02 
  1.083312029611521439E+02 
  1.081896280161814872E+02 
  1.078314958350521238E+02 
  1.073015034737311311E+02 
  1.066443479881846059E+02 
  1.059047264343794978E+02 
  1.051273358682829695E+02 
  1.043568733458608335E+02 
  1.036380359230806363E+02 
  1.030155206559082330E+02 
  1.025340246003107723E+02 
  1.022382448122550613E+02 
  1.021726179165627144E+02 
  1.023505632466635404E+02 
  1.027256257740939560E+02 
  1.032445305806567575E+02 
  1.038540027481543717E+02 
  1.045007673583903625E+02 
  1.051315494931668582E+02 
  1.056930742342873941E+02 
  1.061320666635544541E+02 
  1.063952518627707207E+02 
  1.064446545605540138E+02 
  1.064169268704771554E+02 
  1.063599677318138816E+02 
  1.062771916419603428E+02 
  1.061720130983126893E+02 
  1.060478465982669718E+02 
  1.059081066392194117E+02 
  1.057562077185659888E+02 
  1.055955643337029102E+02 
  1.054295909820263688E+02 
  1.052617021609323302E+02 
  1.050953123678170869E+02 
  1.049240632139084255E+02 
  1.047348070639292530E+02 
  1.045277776804953902E+02 
  1.043033519895868153E+02 
  1.040619069171839470E+02 
  1.038038193892666925E+02 
  1.035294663318153852E+02 
  1.032392246708103585E+02 
  1.029334713322314911E+02 
  1.026125832420592729E+02 
  1.022769373262735684E+02 
  1.019103237634995622E+02 
  1.014217302465965815E+02 
  1.008251616255139851E+02 
  1.001540229186198161E+02 
  9.944171914428072512E+01 
  9.872165532086448536E+01 
  9.802723646673889846E+01 
  9.739186760027058654E+01 
  9.684895373982763545E+01 
  9.643189990377685206E+01 
  9.617411111048598116E+01 
  9.611244982563029282E+01 
  9.637933578514400779E+01 
  9.697199500455960219E+01 
  9.781265927863606180E+01 
  9.882356040213143444E+01 
  9.992693016980334164E+01 
  1.010450003764113660E+02 
  1.021000028167126175E+02 
  1.030141692854665934E+02 
  1.037097315774309578E+02 
  1.041227016276367863E+02 
  1.044418021288414451E+02 
  1.047468098336614304E+02 
  1.050326659235081763E+02 
  1.052943115797926197E+02 
  1.055266879839256973E+02 
  1.057247363173188006E+02 
  1.058833977613827670E+02 
  1.059976134975288886E+02 
  1.060623247071681448E+02 
  1.060548676245964259E+02 
  1.057461249795756686E+02 
  1.051236396489979228E+02 
  1.042604722538840747E+02 
  1.032296834152560479E+02 
  1.021043337541361353E+02 
  1.009574838915446406E+02 
  9.986219444850445370E+01 
  9.889152604603590646E+01 
  9.811853930516129196E+01 
  9.761629484690244851E+01 
  9.739432785597925601E+01 
  9.721512797145430795E+01 
  9.704909134508220347E+01 
  9.689782457831262263E+01 
  9.676293427259518865E+01 
  9.664602702937935419E+01 
  9.654870945011479932E+01 
  9.647258813625101936E+01 
  9.641926968923762331E+01 
  9.639036071052420596E+01 
  9.638859787224073727E+01 
  9.642421027016992241E+01 
  9.649474613161216041E+01 
  9.659453794360624102E+01 
  9.671791819319092554E+01 
  9.685921936740516003E+01 
  9.701277395328759212E+01 
  9.717291443787723892E+01 
  9.733397330821280491E+01 
  9.749028305133302297E+01 
  9.764277346533454249E+01 
  9.780570925968761742E+01 
  9.797961702392464645E+01 
  9.816418592803655940E+01 
  9.835910514201427191E+01 
  9.856406383584899800E+01 
  9.877875117953153961E+01 
  9.900285634305313920E+01 
  9.923606849640471239E+01 
  9.947807680957711796E+01 
  9.974391476503308240E+01 
  1.000614582488403670E+02 
  1.004187431103963206E+02 
  1.008023203064555560E+02 
  1.011987407937726715E+02 
  1.015945555291029763E+02 
  1.019763154692008129E+02 
  1.023305715708214620E+02 
  1.026438747907195363E+02 
  1.029027760856496911E+02 
  1.030938264123670791E+02 
  1.032312308718787222E+02 
  1.033631817854711556E+02 
  1.034896182104536138E+02 
  1.036090294440520410E+02 
  1.037199047834925949E+02 
  1.038207335260011490E+02 
  1.039100049688038467E+02 
  1.039862084091266183E+02 
  1.040478331441954651E+02 
  1.040933684712364595E+02 
  1.041213036874755602E+02 
  1.041299249717585269E+02 
  1.040577496882618362E+02 
  1.038662276038853634E+02 
  1.035688758647497423E+02 
  1.031792116169761755E+02 
  1.027107520066850697E+02 
  1.021770141799974994E+02 
  1.015915152830346813E+02 
  1.009677724619167947E+02 
  1.003193028627654115E+02 
  9.965962363170066851E+01 
  9.900217264772741999E+01 
  9.816740935783887778E+01 
  9.704091168945139145E+01 
  9.571046593027072902E+01 
  9.426385836799995843E+01 
  9.278887529034439297E+01 
  9.137330298500937431E+01 
  9.010492773969787095E+01 
  8.907153584211583564E+01 
  8.836091357996662055E+01 
  8.806084724095552474E+01 
  8.835188383317827743E+01 
  8.931721766346073821E+01 
  9.078173290780759430E+01 
  9.256749413910993951E+01 
  9.449656593025638074E+01 
  9.639101285413522646E+01 
  9.807289948363805365E+01 
  9.936429039165250288E+01 
  1.000872501510694548E+02 
  1.002014733456267663E+02 
  1.002340049294505206E+02 
  1.002591537914154429E+02 
  1.002784338621924007E+02 
  1.002933590724523469E+02 
  1.003054433528661775E+02 
  1.003162006341047885E+02 
  1.003271448468391043E+02 
  1.003397899217400493E+02 
  1.003556497894785338E+02 
  1.003762383807254679E+02 
  1.004030696261517619E+02 
  1.004396206528103193E+02 
  1.005920648692723205E+02 
  1.009056293862982443E+02 
  1.013598549612022168E+02 
  1.019342823512981084E+02 
  1.026084523139007842E+02 
  1.033619056063236883E+02 
  1.041741829858818988E+02 
  1.050248252098892294E+02 
  1.058933730356593657E+02 
  1.067593672205074995E+02 
  1.076023485217469045E+02 
  1.084018576966927299E+02 
  1.091374355026587040E+02 
  1.097886226969586687E+02 
  1.103349600369076029E+02 
  1.107559882798190785E+02 
  1.110328141360640615E+02 
  1.112482812990916585E+02 
  1.114578942337893324E+02 
  1.116604389431217186E+02 
  1.118547014300529980E+02 
  1.120394676975478063E+02 
  1.122135237485704380E+02 
  1.123756555860852160E+02 
  1.125246492130567475E+02 
  1.126592906324492418E+02 
  1.127783658472273061E+02 
  1.128806608603552348E+02 
  1.129649616747974079E+02 
  1.130300542935183330E+02 
  1.130747247194823473E+02 
  1.130977589556539016E+02 
  1.130922543946867904E+02 
  1.130241961863223850E+02 
  1.128932749061469565E+02 
  1.127056638318366169E+02 
  1.124675362410671369E+02 
  1.121850654115145858E+02 
  1.118644246208551323E+02 
  1.115117871467643766E+02 
  1.111333262669187150E+02 
  1.107352152589936765E+02 
  1.103236274006654583E+02 
  1.099047359696102575E+02 
  1.094847142435035892E+02 
  1.090697355000219062E+02 
  1.086343743852324337E+02 
  1.080734359340376045E+02 
  1.074025717370523267E+02 
  1.066498298759791936E+02 
  1.058432584325224468E+02 
  1.050109054883845516E+02 
  1.041808191252693518E+02 
  1.033810474248806912E+02 
  1.026396384689210493E+02 
  1.019846403390946250E+02 
  1.014441011171040685E+02 
  1.010460688846531809E+02 
  1.008185917234454365E+02 
  1.007754812357106999E+02 
  1.007756601767318756E+02 
  1.007760155448820996E+02 
  1.007765114445094667E+02 
  1.007771119799620863E+02 
  1.007777812555880672E+02 
  1.007784833757355329E+02 
  1.007791824447525926E+02 
  1.007798425669873552E+02 
  1.007804278467879158E+02 
  1.007809023885024118E+02 
  1.007812302964789382E+02 
  1.007813756750656040E+02 
  1.007508359154200832E+02 
  1.006372134018414499E+02 
  1.004540281121001755E+02 
  1.002165685684300058E+02 
  9.994012329306418962E+01 
  9.963998080823638759E+01 
  9.933142963618031729E+01 
  9.902975829912915628E+01 
  9.875025531931677847E+01 
  9.850820921897640403E+01 
  9.831890852034172212E+01 
  9.819764174564633663E+01 
  9.815948836107338593E+01 
  9.818521042539526889E+01 
  9.824918054651331545E+01 
  9.834401492967921854E+01 
  9.846232978014462844E+01 
  9.859674130316136598E+01 
  9.873986570398102458E+01 
  9.888431918785543928E+01 
  9.902271796003626037E+01 
  9.914767822577512391E+01 
  9.925181619032387914E+01 
  9.932774805893413372E+01 
  9.936809003685765163E+01 
  9.937262702987891316E+01 
  9.937237717748240584E+01 
  9.937193010855494890E+01 
  9.937132716828122625E+01 
  9.937060970184590758E+01 
  9.936981905443369101E+01 
  9.936899657122927465E+01 
  9.936818359741732820E+01 
  9.936742147818254978E+01 
  9.936675155870962328E+01 
  9.936621518418324683E+01 
  9.936585369978809013E+01 
  9.936570845070885127E+01 
  9.941906577457349670E+01 
  9.958771613771925502E+01 
  9.985073712591604078E+01 
  1.001866564695274349E+02 
  1.005740018989176434E+02 
  1.009913011444500910E+02 
  1.014170819364890548E+02 
  1.018298720053981299E+02 
  1.022081990815409256E+02 
  1.025305908952816907E+02 
  1.027755751769839065E+02 
  1.029216796570116657E+02 
  1.029466557444748247E+02 
  1.028298004771318261E+02 
  1.025878580262455131E+02 
  1.022455736308949383E+02 
  1.018276925301584726E+02 
  1.013589599631151117E+02 
  1.008641211688439085E+02 
  1.003679213864230917E+02 
  9.989510585493199812E+01 
  9.947041981344885642E+01 
  9.911860850105276199E+01 
  9.886441715682259712E+01 
  9.873259101983687458E+01 
  9.872176603006649032E+01 
  9.873411397330733053E+01 
  9.875574885408518355E+01 
  9.878464295678058704E+01 
  9.881876856577413548E+01 
  9.885609796544636652E+01 
  9.889460344017790305E+01 
  9.893225727434926853E+01 
  9.896703175234102901E+01 
  9.899689915853376476E+01 
  9.901983177730804186E+01 
  9.903380189304442638E+01 
  9.902634528740227893E+01 
  9.878386529942716265E+01 
  9.827316440757641658E+01 
  9.756146589602988684E+01 
  9.671599304896611216E+01 
  9.580396915056476814E+01 
  9.489261748500575777E+01 
  9.404916133646736398E+01 
  9.334082398912981660E+01 
  9.283482872717165435E+01 
  9.259839883477266653E+01 
  9.283450520656430172E+01 
  9.377477989721478480E+01 
  9.522208862735041635E+01 
  9.696472616127934430E+01 
  9.879098726330722968E+01 
  1.004891666977395914E+02 
  1.018475592288848190E+02 
  1.026544596210480194E+02 
  1.027604060900408456E+02 
  1.025295250167185088E+02 
  1.021138882385658775E+02 
  1.015792451167321673E+02 
  1.009913450123675744E+02 
  1.004159372866210731E+02 
  9.991877130064267476E+01 
  9.956559641558220619E+01 
  9.942216199258891152E+01 
  9.962039451230668874E+01 
  1.001996522329467751E+02 
  1.010511189432266832E+02 
  1.020656038461860788E+02 
  1.031339161448664186E+02 
  1.041468650423068993E+02 
  1.049952597415489777E+02 
  1.055711157275997749E+02 
  1.060013437053725482E+02 
  1.064241010262836937E+02 
  1.068324369098842510E+02 
  1.072194005757261692E+02 
  1.075780412433607012E+02 
  1.079014081323391849E+02 
  1.081825504622134702E+02 
  1.084145174525347528E+02 
  1.085903583228547831E+02 
  1.087031222927248990E+02 
  1.087458585816966092E+02 
  1.086737483879699226E+02 
  1.084507621127868902E+02 
  1.081025753754561407E+02 
  1.076551051745991003E+02 
  1.071342685088374367E+02 
  1.065659823767918795E+02 
  1.059761637770843947E+02 
  1.053907297083356696E+02 
  1.048355971691673432E+02 
  1.043366831582010548E+02 
  1.039199046740575625E+02 
  1.036111787153586619E+02 
  1.033909049209636635E+02 
  1.031756352253198941E+02 
  1.029653308338208006E+02 
  1.027630009157430067E+02 
  1.025716546403636187E+02 
  1.023943011769593028E+02 
  1.022339496948070661E+02 
  1.020936093631838304E+02 
  1.019762893513663329E+02 
  1.018849988286315806E+02 
  1.018227469642563392E+02 
  1.017925429275175588E+02 
  1.017952370904100690E+02 
  1.018226035124212956E+02 
  1.018697122416313192E+02 
  1.019322099578199499E+02 
  1.020057433407669123E+02 
  1.020859590702519029E+02 
  1.021685038260547884E+02 
  1.022490242879551943E+02 
  1.023231671357330015E+02 
  1.023865790491678780E+02 
  1.024349067080395770E+02 
  1.024637967921278801E+02 
  1.024605898914595770E+02 
  1.023010608639516050E+02 
  1.019720845160047986E+02 
  1.015089991834773997E+02 
  1.009471432022268260E+02 
  1.003218549081116180E+02 
  9.966847263698900861E+01 
  9.902233472471725406E+01 
  9.841877950715466739E+01 
  9.789314532015846737E+01 
  9.748077049958718021E+01 
  9.721699338129825207E+01 
  9.713779960637650390E+01 
  9.732427957565650445E+01 
  9.777713789387505017E+01 
  9.844299212637467633E+01 
  9.926845983849911192E+01 
  1.002001585955910201E+02 
  1.011847059629927799E+02 
  1.021687195060485323E+02 
  1.030988167901001589E+02 
  1.039216153804917440E+02 
  1.045837328425656665E+02 
  1.050317867416647459E+02 
  1.052123946431324697E+02 
  1.051869463556809450E+02 
  1.051016396022308044E+02 
  1.049670898258945329E+02 
  1.047928748297437807E+02 
  1.045885724168498569E+02 
  1.043637603902845399E+02 
  1.041280165531190960E+02 
  1.038909187084251897E+02 
  1.036620446592744571E+02 
  1.034509722087381789E+02 
  1.032672791598881190E+02 
  1.031200057525220188E+02 
  1.029834413988348416E+02 
  1.028417897543931048E+02 
  1.026988237078851256E+02 
  1.025583161479995908E+02 
  1.024240399634248320E+02 
  1.022997680428494078E+02 
  1.021892732749619057E+02 
  1.020963285484506855E+02 
  1.020247067520043345E+02 
  1.019781807743112836E+02 
  1.019605235040600775E+02 
  1.020662278671401282E+02 
  1.023807182740979158E+02 
  1.028561957905013742E+02 
  1.034444606829840012E+02 
  1.040973132181784706E+02 
  1.047665536627173708E+02 
  1.054039822832343702E+02 
  1.059613993463617589E+02 
  1.063906051187331059E+02 
  1.066433998669809853E+02 
  1.066702105068214479E+02 
  1.064397129692309676E+02 
  1.059910732191713265E+02 
  1.053733437780084472E+02 
  1.046355771671089343E+02 
  1.038268259078396767E+02 
  1.029961425215661421E+02 
  1.021925795296556601E+02 
  1.014651894534736982E+02 
  1.008630248143871313E+02 
  1.004351381337625924E+02 
  1.002305819329659755E+02 
  1.002171185911516744E+02 
  1.002134777960784362E+02 
  1.002101769293483784E+02 
  1.002072157989423289E+02 
  1.002045942128410587E+02 
  1.002023119790254100E+02 
  1.002003689054761679E+02 
  1.001987648001741604E+02 
  1.001974994711001870E+02 
  1.001965727262350754E+02 
  1.001959843735596110E+02 
  1.001957342210546216E+02 
  1.003092202912892219E+02 
  1.007685535528847396E+02 
  1.015162961728818516E+02 
  1.024830355499798031E+02 
  1.035993590828797153E+02 
  1.047958541702811175E+02 
  1.060031082108833118E+02 
  1.071517086033877177E+02 
  1.081722427464931116E+02 
  1.089952980389007138E+02 
  1.095514618793098691E+02 
  1.097713216664205902E+02 
  1.095936247445939813E+02 
  1.090530068380360689E+02 
  1.082304021916254868E+02 
  1.072068216667555447E+02 
  1.060632761248200069E+02 
  1.048807764272106056E+02 
  1.037403334353217019E+02 
  1.027229580105450424E+02 
  1.019096610142743771E+02 
  1.013814533079030156E+02 
  1.012166778235371396E+02 
  1.012160412051033234E+02 
  1.012155599092374558E+02 
  1.012152014704432332E+02 
  1.012149334232243376E+02 
  1.012147233020844652E+02 
  1.012145386415272839E+02 
  1.012143469760565182E+02 
  1.012141158401758219E+02 
  1.012138127683888911E+02 
  1.012134052951994363E+02 
  1.012128609551111111E+02 
  1.012058889429287376E+02 
  1.011335177104092651E+02 
  1.009932771049279694E+02 
  1.008003305351961103E+02 
  1.005698414099252460E+02 
  1.003169731378265368E+02 
  1.000568891276114698E+02 
  9.980475278799158900E+01 
  9.957572752767801205E+01 
  9.938497675538233977E+01 
  9.924766387981577509E+01 
  9.917895230968981934E+01 
  9.923590295618427604E+01 
  9.954485796389542429E+01 
  1.000719405063835268E+02 
  1.007709731184351796E+02 
  1.015957783348360834E+02 
  1.025001786903716408E+02 
  1.034379967198288739E+02 
  1.043630549579927305E+02 
  1.052291759396502044E+02 
  1.059901821995867408E+02 
  1.065998962725879835E+02 
  1.070121406934405996E+02 
  1.072957144309099675E+02 
  1.075712486127386711E+02 
  1.078359560175375833E+02 
  1.080867488836838248E+02 
  1.083205394495549712E+02 
  1.085342399535279867E+02 
  1.087247626339803901E+02 
  1.088890197292893021E+02 
  1.090239234778319286E+02 
  1.091263861179856747E+02 
  1.091933198881277036E+02 
  1.092216370266353209E+02 
  1.091068406357615714E+02 
  1.086807464976656945E+02 
  1.080021188741483087E+02 
  1.071357099409591882E+02 
  1.061462718738463735E+02 
  1.050985568485593973E+02 
  1.040573170408479200E+02 
  1.030873046264598116E+02 
  1.022532717811451590E+02 
  1.016199706806520595E+02 
  1.012521535007301310E+02 
  1.012000925750951268E+02 
  1.013564545274970925E+02 
  1.016585507262573032E+02 
  1.020730323735824072E+02 
  1.025665506716785700E+02 
  1.031057568227517862E+02 
  1.036573020290089602E+02 
  1.041878374926558024E+02 
  1.046640144158992456E+02 
  1.050524840009452703E+02 
  1.053198974500000418E+02 
  1.054329059652701943E+02 
  1.053151027359655387E+02 
  1.049156590704471625E+02 
  1.042897064461558045E+02 
  1.034935903752245423E+02 
  1.025836563697850465E+02 
  1.016162499419708780E+02 
  1.006477166039135227E+02 
  9.973440186774610083E+01 
  9.893265124560163315E+01 
  9.829881024961179037E+01 
  9.788922439190980640E+01 
  9.775916082158757092E+01 
  9.779743499725384481E+01 
  9.789533276982571408E+01 
  9.804560946397222665E+01 
  9.824102040436214622E+01 
  9.847432091566462020E+01 
  9.873826632254846913E+01 
  9.902561194968245672E+01 
  9.932911312173584406E+01 
  9.964152516337721011E+01 
  9.995560339927584437E+01 
  1.002641031541004821E+02 
  1.005896899588822606E+02 
  1.010125784398839244E+02 
  1.015145409817157400E+02 
  1.020697568058711084E+02 
  1.026524051338425494E+02 
  1.032366651871225116E+02 
  1.037967161872044812E+02 
  1.043067373555806512E+02 
  1.047409079137443797E+02 
  1.050734070831881866E+02 
  1.052784140854047621E+02 
  1.053282704437408057E+02 
  1.051488074751206483E+02 
